w	gain	V(onoise)
5.000000000000000e+05	4.022014e-01	1.525128e-10
5.011526190389498e+05	4.014331e-01	1.522205e-10
5.023078951391975e+05	4.006656e-01	1.519286e-10
5.034658344259020e+05	3.998989e-01	1.516369e-10
5.046264430383421e+05	3.991332e-01	1.513457e-10
5.057897271299491e+05	3.983684e-01	1.510547e-10
5.069556928683395e+05	3.976043e-01	1.507641e-10
5.081243464353476e+05	3.968412e-01	1.504739e-10
5.092956940270583e+05	3.960790e-01	1.501840e-10
5.104697418538397e+05	3.953176e-01	1.498945e-10
5.116464961403768e+05	3.945572e-01	1.496053e-10
5.128259631257035e+05	3.937976e-01	1.493164e-10
5.140081490632364e+05	3.930389e-01	1.490280e-10
5.151930602208077e+05	3.922811e-01	1.487398e-10
5.163807028806984e+05	3.915242e-01	1.484521e-10
5.175710833396715e+05	3.907682e-01	1.481646e-10
5.187642079090059e+05	3.900131e-01	1.478776e-10
5.199600829145292e+05	3.892589e-01	1.475908e-10
5.211587146966516e+05	3.885055e-01	1.473045e-10
5.223601096103996e+05	3.877532e-01	1.470185e-10
5.235642740254493e+05	3.870017e-01	1.467328e-10
5.247712143261606e+05	3.862511e-01	1.464475e-10
5.259809369116109e+05	3.855014e-01	1.461626e-10
5.271934481956288e+05	3.847527e-01	1.458780e-10
5.284087546068286e+05	3.840048e-01	1.455938e-10
5.296268625886437e+05	3.832579e-01	1.453099e-10
5.308477785993615e+05	3.825119e-01	1.450264e-10
5.320715091121572e+05	3.817668e-01	1.447433e-10
5.332980606151280e+05	3.810226e-01	1.444605e-10
5.345274396113281e+05	3.802794e-01	1.441781e-10
5.357596526188023e+05	3.795371e-01	1.438960e-10
5.369947061706214e+05	3.787957e-01	1.436143e-10
5.382326068149165e+05	3.780553e-01	1.433330e-10
5.394733611149134e+05	3.773158e-01	1.430521e-10
5.407169756489679e+05	3.765772e-01	1.427714e-10
5.419634570106006e+05	3.758396e-01	1.424912e-10
5.432128118085315e+05	3.751029e-01	1.422114e-10
5.444650466667154e+05	3.743671e-01	1.419319e-10
5.457201682243769e+05	3.736323e-01	1.416527e-10
5.469781831360455e+05	3.728985e-01	1.413740e-10
5.482390980715910e+05	3.721655e-01	1.410956e-10
5.495029197162590e+05	3.714336e-01	1.408175e-10
5.507696547707060e+05	3.707025e-01	1.405399e-10
5.520393099510351e+05	3.699725e-01	1.402626e-10
5.533118919888316e+05	3.692434e-01	1.399856e-10
5.545874076311989e+05	3.685152e-01	1.397091e-10
5.558658636407939e+05	3.677880e-01	1.394329e-10
5.571472667958633e+05	3.670618e-01	1.391571e-10
5.584316238902789e+05	3.663365e-01	1.388817e-10
5.597189417335740e+05	3.656121e-01	1.386066e-10
5.610092271509799e+05	3.648888e-01	1.383319e-10
5.623024869834614e+05	3.641664e-01	1.380576e-10
5.635987280877534e+05	3.634450e-01	1.377836e-10
5.648979573363971e+05	3.627245e-01	1.375100e-10
5.662001816177767e+05	3.620050e-01	1.372368e-10
5.675054078361557e+05	3.612865e-01	1.369640e-10
5.688136429117136e+05	3.605689e-01	1.366916e-10
5.701248937805825e+05	3.598523e-01	1.364195e-10
5.714391673948839e+05	3.591367e-01	1.361478e-10
5.727564707227659e+05	3.584221e-01	1.358765e-10
5.740768107484394e+05	3.577085e-01	1.356056e-10
5.754001944722158e+05	3.569958e-01	1.353350e-10
5.767266289105440e+05	3.562841e-01	1.350648e-10
5.780561210960472e+05	3.555734e-01	1.347950e-10
5.793886780775607e+05	3.548637e-01	1.345256e-10
5.807243069201690e+05	3.541549e-01	1.342565e-10
5.820630147052433e+05	3.534472e-01	1.339878e-10
5.834048085304789e+05	3.527404e-01	1.337195e-10
5.847496955099331e+05	3.520346e-01	1.334516e-10
5.860976827740627e+05	3.513298e-01	1.331841e-10
5.874487774697623e+05	3.506260e-01	1.329170e-10
5.888029867604012e+05	3.499232e-01	1.326502e-10
5.901603178258623e+05	3.492214e-01	1.323838e-10
5.915207778625798e+05	3.485205e-01	1.321178e-10
5.928843740835774e+05	3.478207e-01	1.318522e-10
5.942511137185065e+05	3.471219e-01	1.315869e-10
5.956210040136847e+05	3.464240e-01	1.313221e-10
5.969940522321338e+05	3.457272e-01	1.310576e-10
5.983702656536190e+05	3.450314e-01	1.307935e-10
5.997496515746866e+05	3.443365e-01	1.305298e-10
6.011322173087036e+05	3.436427e-01	1.302665e-10
6.025179701858958e+05	3.429498e-01	1.300036e-10
6.039069175533871e+05	3.422580e-01	1.297410e-10
6.052990667752381e+05	3.415672e-01	1.294788e-10
6.066944252324855e+05	3.408773e-01	1.292171e-10
6.080930003231809e+05	3.401885e-01	1.289557e-10
6.094947994624302e+05	3.395007e-01	1.286947e-10
6.108998300824327e+05	3.388139e-01	1.284340e-10
6.123080996325212e+05	3.381281e-01	1.281738e-10
6.137196155792004e+05	3.374433e-01	1.279140e-10
6.151343854061875e+05	3.367595e-01	1.276545e-10
6.165524166144512e+05	3.360767e-01	1.273954e-10
6.179737167222518e+05	3.353950e-01	1.271367e-10
6.193982932651811e+05	3.347142e-01	1.268784e-10
6.208261537962020e+05	3.340345e-01	1.266205e-10
6.222573058856890e+05	3.333558e-01	1.263630e-10
6.236917571214678e+05	3.326781e-01	1.261059e-10
6.251295151088564e+05	3.320014e-01	1.258491e-10
6.265705874707042e+05	3.313257e-01	1.255927e-10
6.280149818474336e+05	3.306510e-01	1.253368e-10
6.294627058970798e+05	3.299774e-01	1.250812e-10
6.309137672953315e+05	3.293048e-01	1.248260e-10
6.323681737355718e+05	3.286332e-01	1.245712e-10
6.338259329289189e+05	3.279626e-01	1.243168e-10
6.352870526042669e+05	3.272930e-01	1.240628e-10
6.367515405083268e+05	3.266245e-01	1.238092e-10
6.382194044056679e+05	3.259570e-01	1.235559e-10
6.396906520787582e+05	3.252905e-01	1.233031e-10
6.411652913280067e+05	3.246250e-01	1.230506e-10
6.426433299718036e+05	3.239605e-01	1.227985e-10
6.441247758465628e+05	3.232971e-01	1.225469e-10
6.456096368067629e+05	3.226347e-01	1.222956e-10
6.470979207249888e+05	3.219733e-01	1.220447e-10
6.485896354919737e+05	3.213130e-01	1.217942e-10
6.500847890166409e+05	3.206536e-01	1.215441e-10
6.515833892261453e+05	3.199953e-01	1.212943e-10
6.530854440659164e+05	3.193380e-01	1.210450e-10
6.545909614996990e+05	3.186818e-01	1.207961e-10
6.560999495095970e+05	3.180265e-01	1.205475e-10
6.576124160961146e+05	3.173724e-01	1.202994e-10
6.591283692781989e+05	3.167192e-01	1.200516e-10
6.606478170932829e+05	3.160670e-01	1.198043e-10
6.621707675973276e+05	3.154159e-01	1.195573e-10
6.636972288648649e+05	3.147658e-01	1.193107e-10
6.652272089890407e+05	3.141168e-01	1.190645e-10
6.667607160816571e+05	3.134687e-01	1.188187e-10
6.682977582732162e+05	3.128217e-01	1.185733e-10
6.698383437129626e+05	3.121758e-01	1.183283e-10
6.713824805689269e+05	3.115308e-01	1.180837e-10
6.729301770279690e+05	3.108869e-01	1.178395e-10
6.744814412958217e+05	3.102440e-01	1.175956e-10
6.760362815971334e+05	3.096022e-01	1.173522e-10
6.775947061755128e+05	3.089614e-01	1.171092e-10
6.791567232935717e+05	3.083216e-01	1.168665e-10
6.807223412329697e+05	3.076828e-01	1.166242e-10
6.822915682944569e+05	3.070451e-01	1.163824e-10
6.838644127979191e+05	3.064084e-01	1.161409e-10
6.854408830824214e+05	3.057728e-01	1.158998e-10
6.870209875062521e+05	3.051381e-01	1.156591e-10
6.886047344469677e+05	3.045045e-01	1.154188e-10
6.901921323014369e+05	3.038720e-01	1.151789e-10
6.917831894858849e+05	3.032404e-01	1.149394e-10
6.933779144359386e+05	3.026100e-01	1.147003e-10
6.949763156066709e+05	3.019805e-01	1.144616e-10
6.965784014726458e+05	3.013521e-01	1.142233e-10
6.981841805279630e+05	3.007247e-01	1.139853e-10
6.997936612863032e+05	3.000983e-01	1.137478e-10
7.014068522809731e+05	2.994730e-01	1.135107e-10
7.030237620649509e+05	2.988486e-01	1.132739e-10
7.046443992109313e+05	2.982254e-01	1.130376e-10
7.062687723113711e+05	2.976031e-01	1.128016e-10
7.078968899785347e+05	2.969819e-01	1.125660e-10
7.095287608445399e+05	2.963618e-01	1.123308e-10
7.111643935614036e+05	2.957426e-01	1.120960e-10
7.128037968010878e+05	2.951245e-01	1.118617e-10
7.144469792555451e+05	2.945074e-01	1.116277e-10
7.160939496367653e+05	2.938914e-01	1.113940e-10
7.177447166768215e+05	2.932764e-01	1.111608e-10
7.193992891279161e+05	2.926624e-01	1.109280e-10
7.210576757624277e+05	2.920495e-01	1.106956e-10
7.227198853729571e+05	2.914375e-01	1.104635e-10
7.243859267723741e+05	2.908267e-01	1.102319e-10
7.260558087938643e+05	2.902168e-01	1.100006e-10
7.277295402909762e+05	2.896080e-01	1.097698e-10
7.294071301376673e+05	2.890002e-01	1.095393e-10
7.310885872283521e+05	2.883934e-01	1.093092e-10
7.327739204779487e+05	2.877877e-01	1.090796e-10
7.344631388219263e+05	2.871830e-01	1.088503e-10
7.361562512163523e+05	2.865794e-01	1.086214e-10
7.378532666379401e+05	2.859767e-01	1.083929e-10
7.395541940840965e+05	2.853751e-01	1.081647e-10
7.412590425729695e+05	2.847745e-01	1.079370e-10
7.429678211434961e+05	2.841750e-01	1.077097e-10
7.446805388554502e+05	2.835765e-01	1.074827e-10
7.463972047894907e+05	2.829790e-01	1.072562e-10
7.481178280472093e+05	2.823825e-01	1.070300e-10
7.498424177511793e+05	2.817871e-01	1.068043e-10
7.515709830450036e+05	2.811927e-01	1.065789e-10
7.533035330933634e+05	2.805993e-01	1.063539e-10
7.550400770820666e+05	2.800069e-01	1.061293e-10
7.567806242180964e+05	2.794156e-01	1.059051e-10
7.585251837296606e+05	2.788253e-01	1.056813e-10
7.602737648662400e+05	2.782361e-01	1.054579e-10
7.620263768986377e+05	2.776478e-01	1.052348e-10
7.637830291190284e+05	2.770606e-01	1.050122e-10
7.655437308410071e+05	2.764744e-01	1.047899e-10
7.673084913996391e+05	2.758892e-01	1.045680e-10
7.690773201515093e+05	2.753051e-01	1.043466e-10
7.708502264747715e+05	2.747220e-01	1.041255e-10
7.726272197691987e+05	2.741399e-01	1.039048e-10
7.744083094562324e+05	2.735588e-01	1.036845e-10
7.761935049790327e+05	2.729787e-01	1.034645e-10
7.779828158025288e+05	2.723997e-01	1.032450e-10
7.797762514134683e+05	2.718217e-01	1.030259e-10
7.815738213204684e+05	2.712447e-01	1.028071e-10
7.833755350540659e+05	2.706687e-01	1.025887e-10
7.851814021667675e+05	2.700938e-01	1.023708e-10
7.869914322331010e+05	2.695198e-01	1.021532e-10
7.888056348496655e+05	2.689469e-01	1.019360e-10
7.906240196351827e+05	2.683750e-01	1.017191e-10
7.924465962305478e+05	2.678041e-01	1.015027e-10
7.942733742988803e+05	2.672343e-01	1.012866e-10
7.961043635255760e+05	2.666654e-01	1.010710e-10
7.979395736183572e+05	2.660976e-01	1.008557e-10
7.997790143073252e+05	2.655308e-01	1.006408e-10
8.016226953450115e+05	2.649650e-01	1.004263e-10
8.034706265064294e+05	2.644002e-01	1.002122e-10
8.053228175891258e+05	2.638364e-01	9.999845e-11
8.071792784132337e+05	2.632737e-01	9.978510e-11
8.090400188215234e+05	2.627120e-01	9.957214e-11
8.109050486794554e+05	2.621512e-01	9.935956e-11
8.127743778752324e+05	2.615915e-01	9.914736e-11
8.146480163198515e+05	2.610328e-01	9.893555e-11
8.165259739471574e+05	2.604751e-01	9.872412e-11
8.184082607138944e+05	2.599184e-01	9.851308e-11
8.202948865997597e+05	2.593627e-01	9.830241e-11
8.221858616074558e+05	2.588080e-01	9.809213e-11
8.240811957627439e+05	2.582544e-01	9.788224e-11
8.259808991144972e+05	2.577017e-01	9.767272e-11
8.278849817347537e+05	2.571501e-01	9.746359e-11
8.297934537187698e+05	2.565994e-01	9.725484e-11
8.317063251850741e+05	2.560498e-01	9.704647e-11
8.336236062755208e+05	2.555012e-01	9.683848e-11
8.355453071553431e+05	2.549535e-01	9.663087e-11
8.374714380132080e+05	2.544069e-01	9.642365e-11
8.394020090612693e+05	2.538613e-01	9.621680e-11
8.413370305352228e+05	2.533166e-01	9.601033e-11
8.432765126943596e+05	2.527730e-01	9.580425e-11
8.452204658216211e+05	2.522304e-01	9.559854e-11
8.471689002236532e+05	2.516887e-01	9.539321e-11
8.491218262308611e+05	2.511481e-01	9.518826e-11
8.510792541974642e+05	2.506085e-01	9.498369e-11
8.530411945015506e+05	2.500698e-01	9.477950e-11
8.550076575451326e+05	2.495322e-01	9.457568e-11
8.569786537542014e+05	2.489955e-01	9.437225e-11
8.589541935787827e+05	2.484599e-01	9.416919e-11
8.609342874929921e+05	2.479252e-01	9.396650e-11
8.629189459950903e+05	2.473916e-01	9.376420e-11
8.649081796075392e+05	2.468589e-01	9.356227e-11
8.669019988770573e+05	2.463272e-01	9.336071e-11
8.689004143746761e+05	2.457965e-01	9.315954e-11
8.709034366957953e+05	2.452668e-01	9.295873e-11
8.729110764602401e+05	2.447381e-01	9.275831e-11
8.749233443123165e+05	2.442103e-01	9.255825e-11
8.769402509208685e+05	2.436836e-01	9.235858e-11
8.789618069793341e+05	2.431578e-01	9.215927e-11
8.809880232058023e+05	2.426331e-01	9.196034e-11
8.830189103430698e+05	2.421093e-01	9.176179e-11
8.850544791586981e+05	2.415865e-01	9.156360e-11
8.870947404450703e+05	2.410646e-01	9.136579e-11
8.891397050194488e+05	2.405438e-01	9.116836e-11
8.911893837240321e+05	2.400239e-01	9.097129e-11
8.932437874260126e+05	2.395051e-01	9.077460e-11
8.953029270176343e+05	2.389871e-01	9.057827e-11
8.973668134162503e+05	2.384702e-01	9.038232e-11
8.994354575643808e+05	2.379543e-01	9.018674e-11
9.015088704297713e+05	2.374393e-01	8.999153e-11
9.035870630054502e+05	2.369253e-01	8.979668e-11
9.056700463097878e+05	2.364123e-01	8.960221e-11
9.077578313865542e+05	2.359002e-01	8.940811e-11
9.098504293049780e+05	2.353891e-01	8.921438e-11
9.119478511598052e+05	2.348790e-01	8.902101e-11
9.140501080713575e+05	2.343699e-01	8.882801e-11
9.161572111855919e+05	2.338617e-01	8.863538e-11
9.182691716741592e+05	2.333545e-01	8.844313e-11
9.203860007344638e+05	2.328483e-01	8.825123e-11
9.225077095897227e+05	2.323430e-01	8.805970e-11
9.246343094890249e+05	2.318387e-01	8.786854e-11
9.267658117073914e+05	2.313354e-01	8.767774e-11
9.289022275458348e+05	2.308330e-01	8.748732e-11
9.310435683314193e+05	2.303316e-01	8.729725e-11
9.331898454173204e+05	2.298311e-01	8.710754e-11
9.353410701828856e+05	2.293316e-01	8.691821e-11
9.374972540336946e+05	2.288331e-01	8.672923e-11
9.396584084016194e+05	2.283355e-01	8.654063e-11
9.418245447448854e+05	2.278389e-01	8.635238e-11
9.439956745481318e+05	2.273432e-01	8.616450e-11
9.461718093224727e+05	2.268485e-01	8.597698e-11
9.483529606055580e+05	2.263548e-01	8.578982e-11
9.505391399616348e+05	2.258620e-01	8.560302e-11
9.527303589816083e+05	2.253701e-01	8.541658e-11
9.549266292831036e+05	2.248792e-01	8.523051e-11
9.571279625105273e+05	2.243893e-01	8.504480e-11
9.593343703351291e+05	2.239003e-01	8.485944e-11
9.615458644550635e+05	2.234122e-01	8.467444e-11
9.637624565954522e+05	2.229251e-01	8.448981e-11
9.659841585084461e+05	2.224390e-01	8.430553e-11
9.682109819732875e+05	2.219538e-01	8.412161e-11
9.704429387963730e+05	2.214695e-01	8.393805e-11
9.726800408113152e+05	2.209862e-01	8.375484e-11
9.749222998790063e+05	2.205038e-01	8.357200e-11
9.771697278876809e+05	2.200224e-01	8.338951e-11
9.794223367529784e+05	2.195418e-01	8.320737e-11
9.816801384180068e+05	2.190623e-01	8.302559e-11
9.839431448534058e+05	2.185836e-01	8.284418e-11
9.862113680574101e+05	2.181059e-01	8.266311e-11
9.884848200559135e+05	2.176292e-01	8.248239e-11
9.907635129025321e+05	2.171534e-01	8.230203e-11
9.930474586786686e+05	2.166785e-01	8.212202e-11
9.953366694935762e+05	2.162045e-01	8.194238e-11
9.976311574844226e+05	2.157315e-01	8.176308e-11
9.999309348163548e+05	2.152594e-01	8.158413e-11
1.002236013682563e+06	2.147882e-01	8.140554e-11
1.004546406304347e+06	2.143179e-01	8.122729e-11
1.006862124931177e+06	2.138486e-01	8.104940e-11
1.009183181840763e+06	2.133802e-01	8.087186e-11
1.011509589339118e+06	2.129128e-01	8.069467e-11
1.013841359760623e+06	2.124462e-01	8.051782e-11
1.016178505468093e+06	2.119806e-01	8.034133e-11
1.018521038852841e+06	2.115159e-01	8.016519e-11
1.020868972334747e+06	2.110521e-01	7.998939e-11
1.023222318362319e+06	2.105892e-01	7.981395e-11
1.025581089412764e+06	2.101272e-01	7.963884e-11
1.027945297992053e+06	2.096662e-01	7.946410e-11
1.030314956634982e+06	2.092061e-01	7.928969e-11
1.032690077905246e+06	2.087469e-01	7.911563e-11
1.035070674395502e+06	2.082885e-01	7.894192e-11
1.037456758727436e+06	2.078311e-01	7.876855e-11
1.039848343551829e+06	2.073747e-01	7.859553e-11
1.042245441548625e+06	2.069191e-01	7.842284e-11
1.044648065427001e+06	2.064644e-01	7.825051e-11
1.047056227925427e+06	2.060107e-01	7.807852e-11
1.049469941811743e+06	2.055578e-01	7.790688e-11
1.051889219883218e+06	2.051059e-01	7.773557e-11
1.054314074966625e+06	2.046548e-01	7.756461e-11
1.056744519918304e+06	2.042046e-01	7.739398e-11
1.059180567624231e+06	2.037554e-01	7.722371e-11
1.061622231000090e+06	2.033070e-01	7.705377e-11
1.064069522991336e+06	2.028596e-01	7.688417e-11
1.066522456573268e+06	2.024130e-01	7.671491e-11
1.068981044751096e+06	2.019674e-01	7.654598e-11
1.071445300560009e+06	2.015226e-01	7.637740e-11
1.073915237065247e+06	2.010787e-01	7.620916e-11
1.076390867362166e+06	2.006357e-01	7.604126e-11
1.078872204576313e+06	2.001936e-01	7.587370e-11
1.081359261863490e+06	1.997524e-01	7.570646e-11
1.083852052409827e+06	1.993121e-01	7.553957e-11
1.086350589431852e+06	1.988727e-01	7.537301e-11
1.088854886176559e+06	1.984341e-01	7.520679e-11
1.091364955921480e+06	1.979965e-01	7.504091e-11
1.093880811974755e+06	1.975597e-01	7.487536e-11
1.096402467675203e+06	1.971238e-01	7.471014e-11
1.098929936392391e+06	1.966888e-01	7.454526e-11
1.101463231526707e+06	1.962547e-01	7.438071e-11
1.104002366509428e+06	1.958214e-01	7.421649e-11
1.106547354802797e+06	1.953890e-01	7.405261e-11
1.109098209900088e+06	1.949575e-01	7.388905e-11
1.111654945325680e+06	1.945269e-01	7.372584e-11
1.114217574635130e+06	1.940971e-01	7.356295e-11
1.116786111415244e+06	1.936682e-01	7.340039e-11
1.119360569284148e+06	1.932402e-01	7.323816e-11
1.121940961891361e+06	1.928131e-01	7.307626e-11
1.124527302917868e+06	1.923868e-01	7.291469e-11
1.127119606076192e+06	1.919614e-01	7.275344e-11
1.129717885110467e+06	1.915368e-01	7.259253e-11
1.132322153796507e+06	1.911131e-01	7.243194e-11
1.134932425941888e+06	1.906903e-01	7.227169e-11
1.137548715386013e+06	1.902684e-01	7.211175e-11
1.140171036000186e+06	1.898473e-01	7.195215e-11
1.142799401687692e+06	1.894270e-01	7.179287e-11
1.145433826383863e+06	1.890076e-01	7.163391e-11
1.148074324056158e+06	1.885891e-01	7.147528e-11
1.150720908704231e+06	1.881714e-01	7.131698e-11
1.153373594360011e+06	1.877546e-01	7.115900e-11
1.156032395087774e+06	1.873387e-01	7.100134e-11
1.158697324984215e+06	1.869235e-01	7.084400e-11
1.161368398178529e+06	1.865093e-01	7.068698e-11
1.164045628832480e+06	1.860959e-01	7.053030e-11
1.166729031140477e+06	1.856833e-01	7.037392e-11
1.169418619329653e+06	1.852716e-01	7.021787e-11
1.172114407659937e+06	1.848607e-01	7.006214e-11
1.174816410424129e+06	1.844507e-01	6.990673e-11
1.177524641947980e+06	1.840415e-01	6.975164e-11
1.180239116590264e+06	1.836331e-01	6.959688e-11
1.182959848742854e+06	1.832256e-01	6.944242e-11
1.185686852830803e+06	1.828190e-01	6.928828e-11
1.188420143312413e+06	1.824131e-01	6.913447e-11
1.191159734679320e+06	1.820081e-01	6.898097e-11
1.193905641456563e+06	1.816040e-01	6.882778e-11
1.196657878202668e+06	1.812006e-01	6.867492e-11
1.199416459509720e+06	1.807981e-01	6.852236e-11
1.202181400003441e+06	1.803965e-01	6.837013e-11
1.204952714343271e+06	1.799957e-01	6.821820e-11
1.207730417222444e+06	1.795956e-01	6.806659e-11
1.210514523368063e+06	1.791965e-01	6.791530e-11
1.213305047541181e+06	1.787981e-01	6.776431e-11
1.216102004536881e+06	1.784006e-01	6.761365e-11
1.218905409184350e+06	1.780039e-01	6.746329e-11
1.221715276346959e+06	1.776080e-01	6.731325e-11
1.224531620922346e+06	1.772129e-01	6.716351e-11
1.227354457842488e+06	1.768187e-01	6.701408e-11
1.230183802073787e+06	1.764252e-01	6.686497e-11
1.233019668617143e+06	1.760326e-01	6.671617e-11
1.235862072508038e+06	1.756409e-01	6.656767e-11
1.238711028816615e+06	1.752499e-01	6.641948e-11
1.241566552647758e+06	1.748597e-01	6.627161e-11
1.244428659141168e+06	1.744704e-01	6.612403e-11
1.247297363471450e+06	1.740818e-01	6.597677e-11
1.250172680848188e+06	1.736941e-01	6.582981e-11
1.253054626516029e+06	1.733071e-01	6.568316e-11
1.255943215754762e+06	1.729210e-01	6.553681e-11
1.258838463879400e+06	1.725357e-01	6.539077e-11
1.261740386240259e+06	1.721512e-01	6.524503e-11
1.264648998223044e+06	1.717675e-01	6.509960e-11
1.267564315248925e+06	1.713845e-01	6.495447e-11
1.270486352774624e+06	1.710024e-01	6.480965e-11
1.273415126292492e+06	1.706211e-01	6.466513e-11
1.276350651330594e+06	1.702406e-01	6.452090e-11
1.279292943452794e+06	1.698609e-01	6.437698e-11
1.282242018258829e+06	1.694819e-01	6.423337e-11
1.285197891384403e+06	1.691038e-01	6.409005e-11
1.288160578501258e+06	1.687265e-01	6.394704e-11
1.291130095317268e+06	1.683499e-01	6.380432e-11
1.294106457576516e+06	1.679742e-01	6.366190e-11
1.297089681059377e+06	1.675992e-01	6.351977e-11
1.300079781582606e+06	1.672250e-01	6.337796e-11
1.303076774999417e+06	1.668516e-01	6.323643e-11
1.306080677199573e+06	1.664790e-01	6.309520e-11
1.309091504109462e+06	1.661071e-01	6.295427e-11
1.312109271692190e+06	1.657361e-01	6.281364e-11
1.315133995947660e+06	1.653658e-01	6.267330e-11
1.318165692912659e+06	1.649963e-01	6.253326e-11
1.321204378660942e+06	1.646276e-01	6.239351e-11
1.324250069303319e+06	1.642596e-01	6.225406e-11
1.327302780987738e+06	1.638925e-01	6.211490e-11
1.330362529899373e+06	1.635261e-01	6.197603e-11
1.333429332260708e+06	1.631604e-01	6.183745e-11
1.336503204331624e+06	1.627956e-01	6.169917e-11
1.339584162409484e+06	1.624315e-01	6.156118e-11
1.342672222829221e+06	1.620682e-01	6.142348e-11
1.345767401963425e+06	1.617056e-01	6.128607e-11
1.348869716222428e+06	1.613439e-01	6.114895e-11
1.351979182054389e+06	1.609828e-01	6.101212e-11
1.355095815945388e+06	1.606226e-01	6.087558e-11
1.358219634419508e+06	1.602631e-01	6.073933e-11
1.361350654038923e+06	1.599044e-01	6.060337e-11
1.364488891403987e+06	1.595464e-01	6.046769e-11
1.367634363153322e+06	1.591892e-01	6.033230e-11
1.370787085963907e+06	1.588327e-01	6.019720e-11
1.373947076551165e+06	1.584770e-01	6.006239e-11
1.377114351669049e+06	1.581220e-01	5.992785e-11
1.380288928110139e+06	1.577678e-01	5.979361e-11
1.383470822705721e+06	1.574144e-01	5.965965e-11
1.386660052325886e+06	1.570617e-01	5.952597e-11
1.389856633879610e+06	1.567097e-01	5.939259e-11
1.393060584314850e+06	1.563585e-01	5.925948e-11
1.396271920618634e+06	1.560081e-01	5.912665e-11
1.399490659817146e+06	1.556584e-01	5.899411e-11
1.402716818975821e+06	1.553094e-01	5.886185e-11
1.405950415199435e+06	1.549612e-01	5.872987e-11
1.409191465632191e+06	1.546137e-01	5.859817e-11
1.412439987457818e+06	1.542669e-01	5.846675e-11
1.415695997899653e+06	1.539209e-01	5.833561e-11
1.418959514220742e+06	1.535756e-01	5.820475e-11
1.422230553723921e+06	1.532311e-01	5.807416e-11
1.425509133751918e+06	1.528873e-01	5.794386e-11
1.428795271687436e+06	1.525442e-01	5.781383e-11
1.432088984953253e+06	1.522019e-01	5.768409e-11
1.435390291012308e+06	1.518603e-01	5.755461e-11
1.438699207367797e+06	1.515194e-01	5.742542e-11
1.442015751563265e+06	1.511793e-01	5.729650e-11
1.445339941182700e+06	1.508398e-01	5.716785e-11
1.448671793850624e+06	1.505011e-01	5.703948e-11
1.452011327232187e+06	1.501632e-01	5.691139e-11
1.455358559033265e+06	1.498259e-01	5.678357e-11
1.458713507000545e+06	1.494894e-01	5.665602e-11
1.462076188921629e+06	1.491535e-01	5.652875e-11
1.465446622625122e+06	1.488184e-01	5.640174e-11
1.468824825980727e+06	1.484841e-01	5.627501e-11
1.472210816899342e+06	1.481504e-01	5.614855e-11
1.475604613333154e+06	1.478175e-01	5.602236e-11
1.479006233275734e+06	1.474852e-01	5.589645e-11
1.482415694762132e+06	1.471537e-01	5.577080e-11
1.485833015868973e+06	1.468229e-01	5.564542e-11
1.489258214714555e+06	1.464928e-01	5.552031e-11
1.492691309458940e+06	1.461634e-01	5.539547e-11
1.496132318304054e+06	1.458347e-01	5.527090e-11
1.499581259493785e+06	1.455067e-01	5.514659e-11
1.503038151314075e+06	1.451795e-01	5.502255e-11
1.506503012093020e+06	1.448529e-01	5.489878e-11
1.509975860200967e+06	1.445270e-01	5.477527e-11
1.513456714050612e+06	1.442018e-01	5.465203e-11
1.516945592097094e+06	1.438774e-01	5.452905e-11
1.520442512838098e+06	1.435536e-01	5.440634e-11
1.523947494813950e+06	1.432305e-01	5.428389e-11
1.527460556607715e+06	1.429081e-01	5.416171e-11
1.530981716845297e+06	1.425864e-01	5.403979e-11
1.534510994195537e+06	1.422654e-01	5.391813e-11
1.538048407370312e+06	1.419451e-01	5.379673e-11
1.541593975124635e+06	1.416255e-01	5.367560e-11
1.545147716256753e+06	1.413066e-01	5.355472e-11
1.548709649608247e+06	1.409884e-01	5.343411e-11
1.552279794064135e+06	1.406708e-01	5.331376e-11
1.555858168552966e+06	1.403539e-01	5.319366e-11
1.559444792046925e+06	1.400378e-01	5.307383e-11
1.563039683561934e+06	1.397223e-01	5.295426e-11
1.566642862157749e+06	1.394074e-01	5.283494e-11
1.570254346938065e+06	1.390933e-01	5.271588e-11
1.573874157050614e+06	1.387798e-01	5.259708e-11
1.577502311687269e+06	1.384671e-01	5.247853e-11
1.581138830084145e+06	1.381550e-01	5.236024e-11
1.584783731521701e+06	1.378435e-01	5.224221e-11
1.588437035324841e+06	1.375328e-01	5.212443e-11
1.592098760863017e+06	1.372227e-01	5.200691e-11
1.595768927550335e+06	1.369133e-01	5.188964e-11
1.599447554845653e+06	1.366045e-01	5.177262e-11
1.603134662252687e+06	1.362964e-01	5.165586e-11
1.606830269320113e+06	1.359890e-01	5.153935e-11
1.610534395641671e+06	1.356823e-01	5.142310e-11
1.614247060856272e+06	1.353762e-01	5.130709e-11
1.617968284648095e+06	1.350708e-01	5.119134e-11
1.621698086746700e+06	1.347660e-01	5.107584e-11
1.625436486927125e+06	1.344620e-01	5.096059e-11
1.629183505009997e+06	1.341585e-01	5.084559e-11
1.632939160861632e+06	1.338557e-01	5.073084e-11
1.636703474394144e+06	1.335536e-01	5.061633e-11
1.640476465565548e+06	1.332522e-01	5.050208e-11
1.644258154379867e+06	1.329514e-01	5.038808e-11
1.648048560887241e+06	1.326512e-01	5.027432e-11
1.651847705184026e+06	1.323517e-01	5.016081e-11
1.655655607412907e+06	1.320529e-01	5.004754e-11
1.659472287763003e+06	1.317547e-01	4.993453e-11
1.663297766469974e+06	1.314571e-01	4.982175e-11
1.667132063816126e+06	1.311602e-01	4.970923e-11
1.670975200130522e+06	1.308640e-01	4.959695e-11
1.674827195789089e+06	1.305684e-01	4.948491e-11
1.678688071214724e+06	1.302734e-01	4.937312e-11
1.682557846877404e+06	1.299791e-01	4.926157e-11
1.686436543294294e+06	1.296854e-01	4.915026e-11
1.690324181029858e+06	1.293923e-01	4.903920e-11
1.694220780695962e+06	1.290999e-01	4.892838e-11
1.698126362951991e+06	1.288082e-01	4.881780e-11
1.702040948504953e+06	1.285170e-01	4.870746e-11
1.705964558109591e+06	1.282265e-01	4.859736e-11
1.709897212568493e+06	1.279367e-01	4.848750e-11
1.713838932732200e+06	1.276474e-01	4.837788e-11
1.717789739499321e+06	1.273588e-01	4.826850e-11
1.721749653816640e+06	1.270709e-01	4.815936e-11
1.725718696679229e+06	1.267835e-01	4.805046e-11
1.729696889130557e+06	1.264968e-01	4.794180e-11
1.733684252262605e+06	1.262107e-01	4.783337e-11
1.737680807215976e+06	1.259253e-01	4.772518e-11
1.741686575180006e+06	1.256404e-01	4.761723e-11
1.745701577392877e+06	1.253562e-01	4.750951e-11
1.749725835141733e+06	1.250726e-01	4.740203e-11
1.753759369762786e+06	1.247896e-01	4.729478e-11
1.757802202641437e+06	1.245073e-01	4.718777e-11
1.761854355212381e+06	1.242255e-01	4.708099e-11
1.765915848959730e+06	1.239444e-01	4.697445e-11
1.769986705417119e+06	1.236639e-01	4.686813e-11
1.774066946167822e+06	1.233840e-01	4.676206e-11
1.778156592844872e+06	1.231048e-01	4.665621e-11
1.782255667131166e+06	1.228261e-01	4.655060e-11
1.786364190759589e+06	1.225480e-01	4.644521e-11
1.790482185513124e+06	1.222706e-01	4.634006e-11
1.794609673224970e+06	1.219938e-01	4.623514e-11
1.798746675778655e+06	1.217175e-01	4.613045e-11
1.802893215108156e+06	1.214419e-01	4.602599e-11
1.807049313198010e+06	1.211669e-01	4.592176e-11
1.811214992083436e+06	1.208925e-01	4.581775e-11
1.815390273850450e+06	1.206186e-01	4.571398e-11
1.819575180635978e+06	1.203454e-01	4.561043e-11
1.823769734627982e+06	1.200728e-01	4.550711e-11
1.827973958065567e+06	1.198008e-01	4.540402e-11
1.832187873239109e+06	1.195294e-01	4.530115e-11
1.836411502490365e+06	1.192586e-01	4.519851e-11
1.840644868212599e+06	1.189884e-01	4.509609e-11
1.844887992850693e+06	1.187187e-01	4.499390e-11
1.849140898901272e+06	1.184497e-01	4.489194e-11
1.853403608912821e+06	1.181812e-01	4.479020e-11
1.857676145485803e+06	1.179134e-01	4.468868e-11
1.861958531272783e+06	1.176461e-01	4.458739e-11
1.866250788978543e+06	1.173794e-01	4.448632e-11
1.870552941360207e+06	1.171133e-01	4.438547e-11
1.874865011227357e+06	1.168478e-01	4.428484e-11
1.879187021442160e+06	1.165829e-01	4.418444e-11
1.883518994919484e+06	1.163186e-01	4.408425e-11
1.887860954627019e+06	1.160548e-01	4.398429e-11
1.892212923585405e+06	1.157916e-01	4.388455e-11
1.896574924868348e+06	1.155290e-01	4.378502e-11
1.900946981602744e+06	1.152670e-01	4.368572e-11
1.905329116968803e+06	1.150056e-01	4.358663e-11
1.909721354200171e+06	1.147447e-01	4.348777e-11
1.914123716584051e+06	1.144844e-01	4.338912e-11
1.918536227461331e+06	1.142247e-01	4.329069e-11
1.922958910226705e+06	1.139656e-01	4.319247e-11
1.927391788328796e+06	1.137070e-01	4.309448e-11
1.931834885270282e+06	1.134490e-01	4.299670e-11
1.936288224608022e+06	1.131916e-01	4.289913e-11
1.940751829953177e+06	1.129347e-01	4.280178e-11
1.945225724971339e+06	1.126784e-01	4.270465e-11
1.949709933382652e+06	1.124227e-01	4.260773e-11
1.954204478961945e+06	1.121675e-01	4.251102e-11
1.958709385538850e+06	1.119129e-01	4.241453e-11
1.963224676997934e+06	1.116589e-01	4.231825e-11
1.967750377278822e+06	1.114054e-01	4.222218e-11
1.972286510376326e+06	1.111525e-01	4.212633e-11
1.976833100340574e+06	1.109002e-01	4.203069e-11
1.981390171277131e+06	1.106484e-01	4.193526e-11
1.985957747347135e+06	1.103971e-01	4.184003e-11
1.990535852767420e+06	1.101464e-01	4.174503e-11
1.995124511810643e+06	1.098963e-01	4.165023e-11
1.999723748805420e+06	1.096467e-01	4.155564e-11
2.004333588136447e+06	1.093977e-01	4.146126e-11
2.008954054244632e+06	1.091492e-01	4.136709e-11
2.013585171627227e+06	1.089013e-01	4.127313e-11
2.018226964837956e+06	1.086539e-01	4.117937e-11
2.022879458487145e+06	1.084071e-01	4.108583e-11
2.027542677241850e+06	1.081608e-01	4.099249e-11
2.032216645825995e+06	1.079151e-01	4.089936e-11
2.036901389020494e+06	1.076699e-01	4.080643e-11
2.041596931663391e+06	1.074253e-01	4.071371e-11
2.046303298649984e+06	1.071812e-01	4.062120e-11
2.051020514932964e+06	1.069376e-01	4.052889e-11
2.055748605522541e+06	1.066946e-01	4.043678e-11
2.060487595486580e+06	1.064521e-01	4.034488e-11
2.065237509950736e+06	1.062102e-01	4.025319e-11
2.069998374098581e+06	1.059688e-01	4.016169e-11
2.074770213171743e+06	1.057279e-01	4.007041e-11
2.079553052470038e+06	1.054875e-01	3.997931e-11
2.084346917351605e+06	1.052477e-01	3.988843e-11
2.089151833233036e+06	1.050085e-01	3.979775e-11
2.093967825589519e+06	1.047697e-01	3.970727e-11
2.098794919954964e+06	1.045315e-01	3.961699e-11
2.103633141922147e+06	1.042938e-01	3.952691e-11
2.108482517142837e+06	1.040567e-01	3.943703e-11
2.113343071327941e+06	1.038201e-01	3.934734e-11
2.118214830247631e+06	1.035840e-01	3.925786e-11
2.123097819731489e+06	1.033484e-01	3.916858e-11
2.127992065668640e+06	1.031133e-01	3.907950e-11
2.132897594007888e+06	1.028788e-01	3.899061e-11
2.137814430757856e+06	1.026448e-01	3.890192e-11
2.142742601987122e+06	1.024113e-01	3.881343e-11
2.147682133824360e+06	1.021783e-01	3.872514e-11
2.152633052458477e+06	1.019459e-01	3.863704e-11
2.157595384138749e+06	1.017140e-01	3.854914e-11
2.162569155174966e+06	1.014825e-01	3.846143e-11
2.167554391937567e+06	1.012516e-01	3.837392e-11
2.172551120857780e+06	1.010213e-01	3.828661e-11
2.177559368427765e+06	1.007914e-01	3.819949e-11
2.182579161200752e+06	1.005620e-01	3.811256e-11
2.187610525791182e+06	1.003332e-01	3.802583e-11
2.192653488874849e+06	1.001048e-01	3.793928e-11
2.197708077189043e+06	9.987700e-02	3.785294e-11
2.202774317532687e+06	9.964968e-02	3.776678e-11
2.207852236766483e+06	9.942286e-02	3.768082e-11
2.212941861813053e+06	9.919655e-02	3.759505e-11
2.218043219657082e+06	9.897073e-02	3.750946e-11
2.223156337345463e+06	9.874543e-02	3.742407e-11
2.228281241987435e+06	9.852063e-02	3.733888e-11
2.233417960754734e+06	9.829633e-02	3.725387e-11
2.238566520881731e+06	9.807253e-02	3.716905e-11
2.243726949665579e+06	9.784923e-02	3.708442e-11
2.248899274466357e+06	9.762642e-02	3.699997e-11
2.254083522707218e+06	9.740411e-02	3.691572e-11
2.259279721874529e+06	9.718230e-02	3.683165e-11
2.264487899518020e+06	9.696099e-02	3.674777e-11
2.269708083250932e+06	9.674016e-02	3.666408e-11
2.274940300750159e+06	9.651984e-02	3.658058e-11
2.280184579756396e+06	9.630001e-02	3.649726e-11
2.285440948074291e+06	9.608066e-02	3.641413e-11
2.290709433572582e+06	9.586180e-02	3.633119e-11
2.295990064184258e+06	9.564344e-02	3.624843e-11
2.301282867906694e+06	9.542555e-02	3.616585e-11
2.306587872801811e+06	9.520816e-02	3.608346e-11
2.311905106996215e+06	9.499126e-02	3.600125e-11
2.317234598681353e+06	9.477483e-02	3.591923e-11
2.322576376113660e+06	9.455890e-02	3.583739e-11
2.327930467614708e+06	9.434345e-02	3.575574e-11
2.333296901571356e+06	9.412847e-02	3.567426e-11
2.338675706435903e+06	9.391398e-02	3.559297e-11
2.344066910726239e+06	9.369996e-02	3.551186e-11
2.349470543025989e+06	9.348643e-02	3.543093e-11
2.354886631984676e+06	9.327337e-02	3.535018e-11
2.360315206317864e+06	9.306080e-02	3.526962e-11
2.365756294807313e+06	9.284869e-02	3.518923e-11
2.371209926301134e+06	9.263706e-02	3.510902e-11
2.376676129713937e+06	9.242591e-02	3.502899e-11
2.382154934026988e+06	9.221523e-02	3.494915e-11
2.387646368288364e+06	9.200501e-02	3.486948e-11
2.393150461613101e+06	9.179527e-02	3.478999e-11
2.398667243183354e+06	9.158600e-02	3.471067e-11
2.404196742248551e+06	9.137720e-02	3.463154e-11
2.409738988125545e+06	9.116887e-02	3.455258e-11
2.415294010198771e+06	9.096099e-02	3.447380e-11
2.420861837920404e+06	9.075359e-02	3.439520e-11
2.426442500810512e+06	9.054665e-02	3.431676e-11
2.432036028457215e+06	9.034018e-02	3.423851e-11
2.437642450516838e+06	9.013417e-02	3.416043e-11
2.443261796714074e+06	8.992862e-02	3.408253e-11
2.448894096842137e+06	8.972353e-02	3.400481e-11
2.454539380762921e+06	8.951890e-02	3.392725e-11
2.460197678407160e+06	8.931473e-02	3.384987e-11
2.465869019774584e+06	8.911102e-02	3.377267e-11
2.471553434934082e+06	8.890776e-02	3.369563e-11
2.477250954023855e+06	8.870497e-02	3.361877e-11
2.482961607251584e+06	8.850262e-02	3.354209e-11
2.488685424894583e+06	8.830073e-02	3.346557e-11
2.494422437299964e+06	8.809929e-02	3.338923e-11
2.500172674884795e+06	8.789831e-02	3.331305e-11
2.505936168136264e+06	8.769777e-02	3.323705e-11
2.511712947611837e+06	8.749769e-02	3.316122e-11
2.517503043939426e+06	8.729805e-02	3.308556e-11
2.523306487817543e+06	8.709887e-02	3.301007e-11
2.529123310015471e+06	8.690012e-02	3.293475e-11
2.534953541373422e+06	8.670183e-02	3.285959e-11
2.540797212802703e+06	8.650398e-02	3.278461e-11
2.546654355285877e+06	8.630658e-02	3.270979e-11
2.552524999876931e+06	8.610962e-02	3.263515e-11
2.558409177701438e+06	8.591310e-02	3.256067e-11
2.564306919956723e+06	8.571703e-02	3.248635e-11
2.570218257912029e+06	8.552139e-02	3.241221e-11
2.576143222908681e+06	8.532619e-02	3.233823e-11
2.582081846360253e+06	8.513144e-02	3.226442e-11
2.588034159752736e+06	8.493712e-02	3.219077e-11
2.594000194644703e+06	8.474323e-02	3.211729e-11
2.599979982667476e+06	8.454978e-02	3.204398e-11
2.605973555525298e+06	8.435678e-02	3.197083e-11
2.611980944995495e+06	8.416419e-02	3.189784e-11
2.618002182928646e+06	8.397205e-02	3.182502e-11
2.624037301248758e+06	8.378034e-02	3.175236e-11
2.630086331953426e+06	8.358906e-02	3.167986e-11
2.636149307114008e+06	8.339821e-02	3.160753e-11
2.642226258875796e+06	8.320779e-02	3.153536e-11
2.648317219458183e+06	8.301780e-02	3.146336e-11
2.654422221154835e+06	8.282823e-02	3.139151e-11
2.660541296333864e+06	8.263909e-02	3.131983e-11
2.666674477437997e+06	8.245037e-02	3.124831e-11
2.672821796984750e+06	8.226208e-02	3.117695e-11
2.678983287566599e+06	8.207422e-02	3.110575e-11
2.685158981851154e+06	8.188678e-02	3.103471e-11
2.691348912581332e+06	8.169976e-02	3.096383e-11
2.697553112575528e+06	8.151316e-02	3.089311e-11
2.703771614727794e+06	8.132698e-02	3.082255e-11
2.710004452008008e+06	8.114123e-02	3.075214e-11
2.716251657462055e+06	8.095589e-02	3.068190e-11
2.722513264211994e+06	8.077096e-02	3.061182e-11
2.728789305456243e+06	8.058646e-02	3.054189e-11
2.735079814469745e+06	8.040237e-02	3.047212e-11
2.741384824604155e+06	8.021869e-02	3.040251e-11
2.747704369288009e+06	8.003543e-02	3.033305e-11
2.754038482026903e+06	7.985258e-02	3.026375e-11
2.760387196403672e+06	7.967014e-02	3.019461e-11
2.766750546078569e+06	7.948811e-02	3.012562e-11
2.773128564789439e+06	7.930650e-02	3.005679e-11
2.779521286351902e+06	7.912529e-02	2.998812e-11
2.785928744659533e+06	7.894450e-02	2.991959e-11
2.792350973684038e+06	7.876411e-02	2.985123e-11
2.798788007475434e+06	7.858413e-02	2.978301e-11
2.805239880162235e+06	7.840455e-02	2.971496e-11
2.811706625951627e+06	7.822538e-02	2.964705e-11
2.818188279129654e+06	7.804661e-02	2.957930e-11
2.824684874061394e+06	7.786825e-02	2.951170e-11
2.831196445191147e+06	7.769029e-02	2.944425e-11
2.837723027042616e+06	7.751273e-02	2.937696e-11
2.844264654219087e+06	7.733557e-02	2.930981e-11
2.850821361403617e+06	7.715881e-02	2.924282e-11
2.857393183359214e+06	7.698245e-02	2.917598e-11
2.863980154929024e+06	7.680649e-02	2.910929e-11
2.870582311036516e+06	7.663092e-02	2.904276e-11
2.877199686685662e+06	7.645575e-02	2.897637e-11
2.883832316961131e+06	7.628097e-02	2.891013e-11
2.890480237028467e+06	7.610660e-02	2.884404e-11
2.897143482134281e+06	7.593261e-02	2.877810e-11
2.903822087606436e+06	7.575902e-02	2.871231e-11
2.910516088854232e+06	7.558582e-02	2.864667e-11
2.917225521368598e+06	7.541301e-02	2.858118e-11
2.923950420722277e+06	7.524060e-02	2.851583e-11
2.930690822570017e+06	7.506856e-02	2.845063e-11
2.937446762648757e+06	7.489692e-02	2.838558e-11
2.944218276777817e+06	7.472567e-02	2.832068e-11
2.951005400859094e+06	7.455481e-02	2.825592e-11
2.957808170877242e+06	7.438433e-02	2.819131e-11
2.964626622899870e+06	7.421423e-02	2.812684e-11
2.971460793077734e+06	7.404453e-02	2.806252e-11
2.978310717644923e+06	7.387520e-02	2.799835e-11
2.985176432919054e+06	7.370625e-02	2.793432e-11
2.992057975301468e+06	7.353770e-02	2.787044e-11
2.998955381277416e+06	7.336952e-02	2.780670e-11
3.005868687416259e+06	7.320172e-02	2.774310e-11
3.012797930371657e+06	7.303429e-02	2.767965e-11
3.019743146881767e+06	7.286726e-02	2.761634e-11
3.026704373769436e+06	7.270059e-02	2.755318e-11
3.033681647942394e+06	7.253431e-02	2.749016e-11
3.040675006393456e+06	7.236840e-02	2.742728e-11
3.047684486200712e+06	7.220286e-02	2.736454e-11
3.054710124527725e+06	7.203770e-02	2.730195e-11
3.061751958623732e+06	7.187291e-02	2.723949e-11
3.068810025823835e+06	7.170850e-02	2.717718e-11
3.075884363549205e+06	7.154445e-02	2.711501e-11
3.082975009307274e+06	7.138079e-02	2.705298e-11
3.090082000691942e+06	7.121748e-02	2.699109e-11
3.097205375383770e+06	7.105456e-02	2.692934e-11
3.104345171150180e+06	7.089199e-02	2.686773e-11
3.111501425845659e+06	7.072980e-02	2.680626e-11
3.118674177411957e+06	7.056797e-02	2.674493e-11
3.125863463878289e+06	7.040651e-02	2.668373e-11
3.133069323361537e+06	7.024541e-02	2.662268e-11
3.140291794066449e+06	7.008468e-02	2.656176e-11
3.147530914285847e+06	6.992432e-02	2.650098e-11
3.154786722400825e+06	6.976432e-02	2.644034e-11
3.162059256880955e+06	6.960467e-02	2.637984e-11
3.169348556284492e+06	6.944539e-02	2.631947e-11
3.176654659258576e+06	6.928648e-02	2.625925e-11
3.183977604539436e+06	6.912792e-02	2.619915e-11
3.191317430952600e+06	6.896972e-02	2.613920e-11
3.198674177413097e+06	6.881188e-02	2.607937e-11
3.206047882925664e+06	6.865440e-02	2.601969e-11
3.213438586584953e+06	6.849727e-02	2.596014e-11
3.220846327575741e+06	6.834050e-02	2.590072e-11
3.228271145173131e+06	6.818409e-02	2.584145e-11
3.235713078742769e+06	6.802803e-02	2.578230e-11
3.243172167741045e+06	6.787232e-02	2.572329e-11
3.250648451715306e+06	6.771697e-02	2.566441e-11
3.258141970304065e+06	6.756197e-02	2.560566e-11
3.265652763237213e+06	6.740732e-02	2.554705e-11
3.273180870336226e+06	6.725302e-02	2.548857e-11
3.280726331514378e+06	6.709906e-02	2.543023e-11
3.288289186776952e+06	6.694547e-02	2.537201e-11
3.295869476221456e+06	6.679221e-02	2.531393e-11
3.303467240037829e+06	6.663931e-02	2.525598e-11
3.311082518508658e+06	6.648675e-02	2.519816e-11
3.318715352009392e+06	6.633455e-02	2.514047e-11
3.326365781008555e+06	6.618267e-02	2.508292e-11
3.334033846067958e+06	6.603115e-02	2.502549e-11
3.341719587842920e+06	6.587998e-02	2.496820e-11
3.349423047082478e+06	6.572914e-02	2.491103e-11
3.357144264629607e+06	6.557865e-02	2.485399e-11
3.364883281421434e+06	6.542850e-02	2.479709e-11
3.372640138489454e+06	6.527869e-02	2.474031e-11
3.380414876959753e+06	6.512921e-02	2.468366e-11
3.388207538053219e+06	6.498008e-02	2.462714e-11
3.396018163085766e+06	6.483129e-02	2.457075e-11
3.403846793468550e+06	6.468283e-02	2.451449e-11
3.411693470708190e+06	6.453472e-02	2.445835e-11
3.419558236406988e+06	6.438693e-02	2.440234e-11
3.427441132263149e+06	6.423949e-02	2.434646e-11
3.435342200071001e+06	6.409238e-02	2.429070e-11
3.443261481721220e+06	6.394560e-02	2.423508e-11
3.451199019201049e+06	6.379915e-02	2.417957e-11
3.459154854594521e+06	6.365304e-02	2.412420e-11
3.467129030082684e+06	6.350726e-02	2.406895e-11
3.475121587943822e+06	6.336181e-02	2.401382e-11
3.483132570553681e+06	6.321669e-02	2.395882e-11
3.491162020385694e+06	6.307190e-02	2.390395e-11
3.499209980011204e+06	6.292744e-02	2.384920e-11
3.507276492099692e+06	6.278331e-02	2.379457e-11
3.515361599419002e+06	6.263950e-02	2.374007e-11
3.523465344835569e+06	6.249603e-02	2.368569e-11
3.531587771314644e+06	6.235287e-02	2.363144e-11
3.539728921920523e+06	6.221005e-02	2.357731e-11
3.547888839816777e+06	6.206754e-02	2.352330e-11
3.556067568266477e+06	6.192536e-02	2.346942e-11
3.564265150632429e+06	6.178351e-02	2.341565e-11
3.572481630377398e+06	6.164197e-02	2.336201e-11
3.580717051064341e+06	6.150076e-02	2.330849e-11
3.588971456356639e+06	6.135987e-02	2.325510e-11
3.597244890018327e+06	6.121930e-02	2.320182e-11
3.605537395914327e+06	6.107905e-02	2.314867e-11
3.613849018010680e+06	6.093912e-02	2.309563e-11
3.622179800374778e+06	6.079950e-02	2.304272e-11
3.630529787175601e+06	6.066021e-02	2.298993e-11
3.638899022683947e+06	6.052123e-02	2.293725e-11
3.647287551272670e+06	6.038256e-02	2.288470e-11
3.655695417416913e+06	6.024421e-02	2.283227e-11
3.664122665694346e+06	6.010618e-02	2.277995e-11
3.672569340785400e+06	5.996846e-02	2.272776e-11
3.681035487473505e+06	5.983105e-02	2.267568e-11
3.689521150645329e+06	5.969395e-02	2.262372e-11
3.698026375291012e+06	5.955717e-02	2.257188e-11
3.706551206504410e+06	5.942070e-02	2.252016e-11
3.715095689483329e+06	5.928454e-02	2.246856e-11
3.723659869529766e+06	5.914869e-02	2.241707e-11
3.732243792050153e+06	5.901314e-02	2.236570e-11
3.740847502555592e+06	5.887791e-02	2.231445e-11
3.749471046662098e+06	5.874299e-02	2.226331e-11
3.758114470090846e+06	5.860836e-02	2.221229e-11
3.766777818668405e+06	5.847405e-02	2.216138e-11
3.775461138326987e+06	5.834004e-02	2.211060e-11
3.784164475104689e+06	5.820634e-02	2.205992e-11
3.792887875145735e+06	5.807294e-02	2.200937e-11
3.801631384700725e+06	5.793985e-02	2.195892e-11
3.810395050126875e+06	5.780705e-02	2.190860e-11
3.819178917888268e+06	5.767456e-02	2.185838e-11
3.827983034556095e+06	5.754238e-02	2.180828e-11
3.836807446808908e+06	5.741049e-02	2.175830e-11
3.845652201432861e+06	5.727890e-02	2.170843e-11
3.854517345321963e+06	5.714761e-02	2.165867e-11
3.863402925478323e+06	5.701662e-02	2.160903e-11
3.872308989012405e+06	5.688593e-02	2.155950e-11
3.881235583143269e+06	5.675554e-02	2.151008e-11
3.890182755198830e+06	5.662544e-02	2.146077e-11
3.899150552616103e+06	5.649564e-02	2.141158e-11
3.908139022941457e+06	5.636614e-02	2.136250e-11
3.917148213830867e+06	5.623693e-02	2.131353e-11
3.926178173050166e+06	5.610801e-02	2.126467e-11
3.935228948475300e+06	5.597939e-02	2.121592e-11
3.944300588092578e+06	5.585106e-02	2.116728e-11
3.953393139998931e+06	5.572302e-02	2.111876e-11
3.962506652402163e+06	5.559528e-02	2.107034e-11
3.971641173621212e+06	5.546783e-02	2.102204e-11
3.980796752086397e+06	5.534066e-02	2.097384e-11
3.989973436339686e+06	5.521379e-02	2.092576e-11
3.999171275034945e+06	5.508720e-02	2.087779e-11
4.008390316938197e+06	5.496091e-02	2.082992e-11
4.017630610927887e+06	5.483489e-02	2.078216e-11
4.026892205995133e+06	5.470917e-02	2.073451e-11
4.036175151243990e+06	5.458374e-02	2.068697e-11
4.045479495891710e+06	5.445859e-02	2.063954e-11
4.054805289269002e+06	5.433372e-02	2.059222e-11
4.064152580820294e+06	5.420914e-02	2.054500e-11
4.073521420103995e+06	5.408485e-02	2.049790e-11
4.082911856792758e+06	5.396083e-02	2.045090e-11
4.092323940673745e+06	5.383711e-02	2.040400e-11
4.101757721648886e+06	5.371366e-02	2.035722e-11
4.111213249735150e+06	5.359049e-02	2.031054e-11
4.120690575064805e+06	5.346760e-02	2.026396e-11
4.130189747885686e+06	5.334500e-02	2.021750e-11
4.139710818561463e+06	5.322267e-02	2.017114e-11
4.149253837571904e+06	5.310062e-02	2.012488e-11
4.158818855513146e+06	5.297885e-02	2.007873e-11
4.168405923097962e+06	5.285736e-02	2.003269e-11
4.178015091156030e+06	5.273614e-02	1.998674e-11
4.187646410634202e+06	5.261521e-02	1.994091e-11
4.197299932596776e+06	5.249454e-02	1.989518e-11
4.206975708225763e+06	5.237416e-02	1.984955e-11
4.216673788821165e+06	5.225404e-02	1.980403e-11
4.226394225801236e+06	5.213420e-02	1.975861e-11
4.236137070702768e+06	5.201464e-02	1.971330e-11
4.245902375181354e+06	5.189534e-02	1.966809e-11
4.255690191011666e+06	5.177632e-02	1.962298e-11
4.265500570087730e+06	5.165757e-02	1.957797e-11
4.275333564423199e+06	5.153909e-02	1.953307e-11
4.285189226151629e+06	5.142089e-02	1.948827e-11
4.295067607526760e+06	5.130295e-02	1.944357e-11
4.304968760922783e+06	5.118528e-02	1.939897e-11
4.314892738834631e+06	5.106787e-02	1.935448e-11
4.324839593878245e+06	5.095074e-02	1.931008e-11
4.334809378790861e+06	5.083387e-02	1.926579e-11
4.344802146431286e+06	5.071727e-02	1.922160e-11
4.354817949780179e+06	5.060094e-02	1.917751e-11
4.364856841940333e+06	5.048487e-02	1.913352e-11
4.374918876136955e+06	5.036907e-02	1.908963e-11
4.385004105717948e+06	5.025353e-02	1.904584e-11
4.395112584154195e+06	5.013825e-02	1.900216e-11
4.405244365039843e+06	5.002324e-02	1.895857e-11
4.415399502092586e+06	4.990849e-02	1.891508e-11
4.425578049153949e+06	4.979400e-02	1.887169e-11
4.435780060189576e+06	4.967977e-02	1.882839e-11
4.446005589289512e+06	4.956580e-02	1.878520e-11
4.456254690668497e+06	4.945210e-02	1.874211e-11
4.466527418666245e+06	4.933865e-02	1.869911e-11
4.476823827747738e+06	4.922546e-02	1.865621e-11
4.487143972503510e+06	4.911253e-02	1.861341e-11
4.497487907649944e+06	4.899986e-02	1.857071e-11
4.507855688029551e+06	4.888745e-02	1.852811e-11
4.518247368611273e+06	4.877529e-02	1.848560e-11
4.528663004490766e+06	4.866339e-02	1.844319e-11
4.539102650890693e+06	4.855174e-02	1.840087e-11
4.549566363161022e+06	4.844034e-02	1.835866e-11
4.560054196779312e+06	4.832921e-02	1.831654e-11
4.570566207351013e+06	4.821832e-02	1.827451e-11
4.581102450609759e+06	4.810769e-02	1.823258e-11
4.591662982417664e+06	4.799731e-02	1.819075e-11
4.602247858765616e+06	4.788719e-02	1.814901e-11
4.612857135773575e+06	4.777731e-02	1.810737e-11
4.623490869690871e+06	4.766769e-02	1.806582e-11
4.634149116896504e+06	4.755832e-02	1.802437e-11
4.644831933899438e+06	4.744919e-02	1.798302e-11
4.655539377338907e+06	4.734032e-02	1.794175e-11
4.666271503984709e+06	4.723169e-02	1.790058e-11
4.677028370737513e+06	4.712332e-02	1.785951e-11
4.687810034629153e+06	4.701519e-02	1.781853e-11
4.698616552822940e+06	4.690730e-02	1.777764e-11
4.709447982613957e+06	4.679967e-02	1.773685e-11
4.720304381429366e+06	4.669227e-02	1.769615e-11
4.731185806828713e+06	4.658513e-02	1.765554e-11
4.742092316504233e+06	4.647823e-02	1.761503e-11
4.753023968281154e+06	4.637157e-02	1.757460e-11
4.763980820118004e+06	4.626516e-02	1.753427e-11
4.774962930106924e+06	4.615899e-02	1.749403e-11
4.785970356473966e+06	4.605306e-02	1.745389e-11
4.797003157579408e+06	4.594738e-02	1.741383e-11
4.808061391918065e+06	4.584193e-02	1.737387e-11
4.819145118119594e+06	4.573673e-02	1.733400e-11
4.830254394948807e+06	4.563177e-02	1.729422e-11
4.841389281305985e+06	4.552704e-02	1.725453e-11
4.852549836227186e+06	4.542256e-02	1.721493e-11
4.863736118884563e+06	4.531832e-02	1.717542e-11
4.874948188586671e+06	4.521431e-02	1.713601e-11
4.886186104778789e+06	4.511054e-02	1.709668e-11
4.897449927043229e+06	4.500701e-02	1.705744e-11
4.908739715099656e+06	4.490371e-02	1.701829e-11
4.920055528805402e+06	4.480066e-02	1.697923e-11
4.931397428155784e+06	4.469783e-02	1.694026e-11
4.942765473284425e+06	4.459525e-02	1.690138e-11
4.954159724463568e+06	4.449289e-02	1.686259e-11
4.965580242104398e+06	4.439077e-02	1.682389e-11
4.977027086757363e+06	4.428888e-02	1.678527e-11
4.988500319112494e+06	4.418723e-02	1.674675e-11
4.999999999999726e+06	4.408581e-02	1.670831e-11
