500000	-108.155899047852
504500	-109.671844482422
509000	-107.062004089355
513500	-109.518081665039
518000	-108.978424072266
522500	-109.558219909668
527000	-107.869064331055
531500	-110.350769042969
536000	-107.968063354492
540500	-109.272384643555
545000	-109.811531066895
549500	-109.877403259277
554000	-108.348213195801
558500	-106.651817321777
563000	-108.163520812988
567500	-108.173469543457
572000	-110.984390258789
576500	-107.312171936035
581000	-110.691413879395
585500	-110.561645507812
590000	-112.294799804687
594500	-110.731216430664
599000	-109.626312255859
603500	-110.684143066406
608000	-109.099304199219
612500	-109.349113464355
617000	-110.68684387207
621500	-111.462188720703
626000	-110.155853271484
630500	-109.910781860352
635000	-111.345405578613
639500	-110.677291870117
644000	-112.419052124023
648500	-113.973823547363
653000	-111.941177368164
657500	-109.946632385254
662000	-112.956962585449
666500	-112.280563354492
671000	-110.178443908691
675500	-112.677764892578
680000	-111.519874572754
684500	-113.599868774414
689000	-114.271377563477
693500	-111.99137878418
698000	-110.901512145996
702500	-112.291191101074
707000	-110.840637207031
711500	-110.930252075195
716000	-110.273872375488
720500	-112.961647033691
725000	-110.411849975586
729500	-113.672653198242
734000	-114.79337310791
738500	-111.096755981445
743000	-112.541030883789
747500	-115.076995849609
752000	-112.99324798584
756500	-114.255424499512
761000	-112.854850769043
765500	-112.100860595703
770000	-112.232192993164
774500	-113.138389587402
779000	-113.681396484375
783500	-114.597114562988
788000	-111.661643981934
792500	-113.845970153809
797000	-109.996154785156
801500	-113.218078613281
806000	-110.979881286621
810500	-115.304458618164
815000	-113.471168518066
819500	-114.073654174805
824000	-110.778587341309
828500	-113.082244873047
833000	-113.153999328613
837500	-112.877326965332
842000	-112.873710632324
846500	-114.540321350098
851000	-113.654266357422
855500	-111.818412780762
860000	-113.152755737305
864500	-113.837554931641
869000	-114.66185760498
873500	-113.932197570801
878000	-114.104110717773
882500	-114.343055725098
887000	-111.563095092773
891500	-113.747711181641
896000	-113.841835021973
900500	-114.934440612793
905000	-115.073669433594
909500	-115.238670349121
914000	-114.656936645508
918500	-113.26050567627
923000	-114.80150604248
927500	-113.569877624512
932000	-113.53963470459
936500	-116.259376525879
941000	-114.192176818848
945500	-114.79460144043
950000	-117.378234863281
954500	-116.092842102051
959000	-114.506317138672
963500	-117.038589477539
968000	-115.74437713623
972500	-113.54808807373
977000	-114.408836364746
981500	-116.579597473145
986000	-116.179100036621
990500	-116.260353088379
995000	-115.714546203613
999500	-115.307884216309
1004000	-116.37572479248
1008500	-114.767578125
1013000	-113.783699035645
1017500	-115.764678955078
1022000	-115.211334228516
1026500	-115.256088256836
1031000	-114.32991027832
1035500	-115.347259521484
1040000	-115.592102050781
1044500	-116.52758026123
1049000	-114.784255981445
1053500	-115.898277282715
1058000	-114.788177490234
1062500	-114.554496765137
1067000	-115.756507873535
1071500	-115.270530700684
1076000	-115.618873596191
1080500	-116.946640014648
1085000	-115.911552429199
1089500	-115.124008178711
1094000	-115.096138000488
1098500	-117.119979858398
1103000	-114.896362304687
1107500	-115.44295501709
1112000	-117.207748413086
1116500	-116.412712097168
1121000	-116.774253845215
1125500	-114.606582641602
1130000	-114.857048034668
1134500	-116.361450195313
1139000	-112.707260131836
1143500	-115.938842773437
1148000	-116.339683532715
1152500	-115.184959411621
1157000	-117.077842712402
1161500	-114.034812927246
1166000	-113.18798828125
1170500	-114.915626525879
1175000	-114.052307128906
1179500	-115.925903320313
1184000	-112.888511657715
1188500	-114.420501708984
1193000	-114.31990814209
1197500	-115.617324829102
1202000	-115.348236083984
1206500	-113.600563049316
1211000	-110.902847290039
1215500	-114.604507446289
1220000	-113.842292785645
1224500	-115.229751586914
1229000	-114.866188049316
1233500	-113.407333374023
1238000	-114.695541381836
1242500	-114.663040161133
1247000	-115.532608032227
1251500	-115.860534667969
1256000	-115.318328857422
1260500	-111.526428222656
1265000	-115.947494506836
1269500	-113.719444274902
1274000	-115.121559143066
1278500	-112.654022216797
1283000	-115.27702331543
1287500	-114.02555847168
1292000	-116.055656433105
1296500	-113.30052947998
1301000	-113.71305847168
1305500	-116.120010375977
1310000	-116.402275085449
1314500	-115.084403991699
1319000	-112.757774353027
1323500	-112.109176635742
1328000	-114.413391113281
1332500	-112.409622192383
1337000	-115.408958435059
1341500	-114.418449401855
1346000	-114.866058349609
1350500	-113.575401306152
1355000	-114.013290405273
1359500	-112.176162719727
1364000	-116.698036193848
1368500	-117.136154174805
1373000	-115.837455749512
1377500	-117.701171875
1382000	-118.091606140137
1386500	-116.506553649902
1391000	-115.958572387695
1395500	-115.347061157227
1400000	-116.131576538086
1404500	-117.625213623047
1409000	-115.832107543945
1413500	-115.529006958008
1418000	-115.743598937988
1422500	-116.100135803223
1427000	-118.078956604004
1431500	-113.90291595459
1436000	-116.978317260742
1440500	-116.531623840332
1445000	-115.883949279785
1449500	-116.384071350098
1454000	-116.243614196777
1458500	-115.394897460937
1463000	-115.049697875977
1467500	-116.404800415039
1472000	-117.745933532715
1476500	-117.70972442627
1481000	-105.873001098633
1485500	-118.438247680664
1490000	-116.957489013672
1494500	-115.884399414062
1499000	-117.703811645508
1503500	-117.433746337891
1508000	-115.408401489258
1512500	-114.664108276367
1517000	-118.306930541992
1521500	-118.145462036133
1526000	-115.784797668457
1530500	-118.147079467773
1535000	-115.589653015137
1539500	-117.059616088867
1544000	-116.602180480957
1548500	-116.274848937988
1553000	-116.600975036621
1557500	-117.997901916504
1562000	-118.020690917969
1566500	-115.953689575195
1571000	-113.923294067383
1575500	-115.748847961426
1580000	-117.092636108398
1584500	-117.692222595215
1589000	-116.334465026855
1593500	-114.562690734863
1598000	-117.89087677002
1602500	-116.187126159668
1607000	-116.272239685059
1611500	-115.633415222168
1616000	-113.029312133789
1620500	-115.034027099609
1625000	-115.703399658203
1629500	-118.607597351074
1634000	-117.722831726074
1638500	-116.225921630859
1643000	-116.483917236328
1647500	-116.346244812012
1652000	-116.35913848877
1656500	-118.341934204102
1661000	-117.70206451416
1665500	-114.570709228516
1670000	-117.221038818359
1674500	-113.802116394043
1679000	-116.659294128418
1683500	-114.176010131836
1688000	-116.920349121094
1692500	-117.96556854248
1697000	-114.798980712891
1701500	-117.899627685547
1706000	-118.551452636719
1710500	-117.22029876709
1715000	-115.353157043457
1719500	-117.037033081055
1724000	-116.307205200195
1728500	-118.220428466797
1733000	-116.509147644043
1737500	-114.079963684082
1742000	-117.151123046875
1746500	-116.488037109375
1751000	-116.172477722168
1755500	-116.973625183105
1760000	-116.663009643555
1764500	-116.684020996094
1769000	-117.22492980957
1773500	-115.073623657227
1778000	-115.892921447754
1782500	-114.687705993652
1787000	-113.943893432617
1791500	-115.904724121094
1796000	-116.26293182373
1800500	-116.369102478027
1805000	-113.913795471191
1809500	-114.649436950684
1814000	-118.051063537598
1818500	-116.304817199707
1823000	-116.087821960449
1827500	-115.699638366699
1832000	-116.215362548828
1836500	-117.153060913086
1841000	-117.043869018555
1845500	-114.384796142578
1850000	-113.323089599609
1854500	-114.685600280762
1859000	-116.810188293457
1863500	-116.762657165527
1868000	-117.057548522949
1872500	-115.184288024902
1877000	-113.780952453613
1881500	-113.77710723877
1886000	-116.91130065918
1890500	-118.076446533203
1895000	-116.930480957031
1899500	-112.656074523926
1904000	-115.546073913574
1908500	-116.03874206543
1913000	-115.224639892578
1917500	-114.855201721191
1922000	-116.429191589355
1926500	-116.113388061523
1931000	-114.814117431641
1935500	-115.676933288574
1940000	-116.603332519531
1944500	-116.763114929199
1949000	-111.785934448242
1953500	-112.31950378418
1958000	-116.936935424805
1962500	-115.856956481934
1967000	-114.128494262695
1971500	-112.49683380127
1976000	-115.286712646484
1980500	-113.73991394043
1985000	-113.914123535156
1989500	-114.93090057373
1994000	-114.43677520752
1998500	-114.731491088867
2003000	-113.825843811035
2007500	-115.945098876953
2012000	-116.930099487305
2016500	-114.104614257812
2021000	-114.001480102539
2025500	-113.77806854248
2030000	-113.673294067383
2034500	-114.437599182129
2039000	-115.213073730469
2043500	-114.328788757324
2048000	-116.168823242187
2052500	-116.438087463379
2057000	-115.975883483887
2061500	-115.212257385254
2066000	-117.211128234863
2070500	-114.550132751465
2075000	-116.562316894531
2079500	-117.167182922363
2084000	-115.947677612305
2088500	-116.748321533203
2093000	-114.120307922363
2097500	-116.417816162109
2102000	-115.809989929199
2106500	-115.763000488281
2111000	-113.692840576172
2115500	-114.43473815918
2120000	-118.039894104004
2124500	-114.573463439941
2129000	-115.834327697754
2133500	-116.319847106934
2138000	-116.018836975098
2142500	-117.172973632812
2147000	-113.532234191895
2151500	-116.252891540527
2156000	-116.133735656738
2160500	-115.344169616699
2165000	-116.035003662109
2169500	-116.190742492676
2174000	-114.856834411621
2178500	-114.612182617187
2183000	-114.953987121582
2187500	-115.509140014648
2192000	-115.357681274414
2196500	-116.079818725586
2201000	-112.183334350586
2205500	-113.374641418457
2210000	-114.39395904541
2214500	-114.875587463379
2219000	-112.79727935791
2223500	-110.567337036133
2228000	-110.268409729004
2232500	-112.78392791748
2237000	-112.522560119629
2241500	-114.303642272949
2246000	-112.919937133789
2250500	-112.142387390137
2255000	-110.221862792969
2259500	-112.051895141602
2264000	-115.621513366699
2268500	-115.726776123047
2273000	-113.058929443359
2277500	-111.933410644531
2282000	-113.477890014648
2286500	-114.20157623291
2291000	-113.626106262207
2295500	-116.251846313477
2300000	-111.075378417969
2304500	-110.017280578613
2309000	-112.546936035156
2313500	-114.768829345703
2318000	-114.279968261719
2322500	-114.582000732422
2327000	-109.106307983398
2331500	-112.084869384766
2336000	-116.490798950195
2340500	-115.41520690918
2345000	-113.988388061523
2349500	-110.118278503418
2354000	-107.586845397949
2358500	-114.821266174316
2363000	-116.376289367676
2367500	-116.021476745605
2372000	-108.663726806641
2376500	-107.687866210938
2381000	-110.771766662598
2385500	-113.739227294922
2390000	-112.355377197266
2394500	-114.960227966309
2399000	-108.419059753418
2403500	-108.75513458252
2408000	-114.013442993164
2412500	-112.536529541016
2417000	-107.997596740723
2421500	-110.054229736328
2426000	-110.282173156738
2430500	-103.788314819336
2435000	-111.587585449219
2439500	-111.564926147461
2444000	-109.644386291504
2448500	-112.214828491211
2453000	-112.058715820312
2457500	-113.282539367676
2462000	-111.464851379395
2466500	-111.507225036621
2471000	-111.946273803711
2475500	-112.827140808105
2480000	-113.904907226562
2484500	-114.077560424805
2489000	-112.956398010254
2493500	-111.291885375977
2498000	-113.549240112305
2502500	-111.701873779297
2507000	-112.65340423584
2511500	-113.455871582031
2516000	-112.445350646973
2520500	-113.524085998535
2525000	-114.336502075195
2529500	-114.428894042969
2534000	-115.176574707031
2538500	-114.017242431641
2543000	-114.143623352051
2547500	-113.49536895752
2552000	-112.503608703613
2556500	-114.12425994873
2561000	-113.793586730957
2565500	-114.308670043945
2570000	-113.001686096191
2574500	-115.156196594238
2579000	-113.463653564453
2583500	-116.640747070313
2588000	-114.637870788574
2592500	-112.794616699219
2597000	-113.370567321777
2601500	-115.039192199707
2606000	-115.198501586914
2610500	-114.687652587891
2615000	-113.476264953613
2619500	-112.437507629395
2624000	-114.298179626465
2628500	-113.169960021973
2633000	-115.543922424316
2637500	-113.199989318848
2642000	-114.24186706543
2646500	-114.896362304687
2651000	-112.243675231934
2655500	-113.311996459961
2660000	-115.276504516602
2664500	-111.448654174805
2669000	-115.300163269043
2673500	-112.433044433594
2678000	-113.203956604004
2682500	-115.343772888184
2687000	-115.746536254883
2691500	-114.572799682617
2696000	-110.091514587402
2700500	-112.623344421387
2705000	-112.20361328125
2709500	-112.739326477051
2714000	-115.152442932129
2718500	-115.662086486816
2723000	-112.929443359375
2727500	-111.747825622559
2732000	-111.557205200195
2736500	-115.507209777832
2741000	-113.529830932617
2745500	-113.21223449707
2750000	-111.639617919922
2754500	-114.904197692871
2759000	-114.42635345459
2763500	-113.221015930176
2768000	-114.41478729248
2772500	-109.752777099609
2777000	-113.139556884766
2781500	-117.17008972168
2786000	-114.358428955078
2790500	-113.547431945801
2795000	-113.474807739258
2799500	-110.993530273437
2804000	-114.789993286133
2808500	-113.27099609375
2813000	-114.669624328613
2817500	-111.201301574707
2822000	-110.685844421387
2826500	-115.860450744629
2831000	-115.008842468262
2835500	-110.189956665039
2840000	-108.258460998535
2844500	-108.461898803711
2849000	-112.768737792969
2853500	-113.476295471191
2858000	-109.837860107422
2862500	-111.172355651855
2867000	-109.680419921875
2871500	-112.73477935791
2876000	-111.916007995605
2880500	-108.843528747559
2885000	-111.105194091797
2889500	-113.010368347168
2894000	-115.050926208496
2898500	-113.654190063477
2903000	-109.99723815918
2907500	-111.0458984375
2912000	-114.056488037109
2916500	-112.659240722656
2921000	-114.617347717285
2925500	-110.168090820312
2930000	-108.605545043945
2934500	-113.377655029297
2939000	-115.03685760498
2943500	-114.216033935547
2948000	-111.339546203613
2952500	-110.499465942383
2957000	-115.705375671387
2961500	-112.728652954102
2966000	-112.745880126953
2970500	-113.08536529541
2975000	-112.242294311523
2979500	-114.056266784668
2984000	-113.925537109375
2988500	-115.580207824707
2993000	-109.962310791016
2997500	-111.830848693848
3002000	-111.85661315918
3006500	-112.625274658203
3011000	-113.167793273926
3015500	-112.793418884277
3020000	-112.343856811523
3024500	-111.573333740234
3029000	-113.490943908691
3033500	-114.375129699707
3038000	-112.527236938477
3042500	-109.904708862305
3047000	-110.011085510254
3051500	-113.21167755127
3056000	-112.37703704834
3060500	-112.411674499512
3065000	-111.399490356445
3069500	-114.189575195313
3074000	-114.578918457031
3078500	-110.676254272461
3083000	-109.412002563477
3087500	-110.842529296875
3092000	-113.657028198242
3096500	-113.522499084473
3101000	-113.868591308594
3105500	-110.714569091797
3110000	-110.011222839355
3114500	-114.369110107422
3119000	-117.01097869873
3123500	-112.076049804687
3128000	-111.54956817627
3132500	-111.813041687012
3137000	-112.472663879395
3141500	-114.452178955078
3146000	-111.461845397949
3150500	-111.588409423828
3155000	-114.860473632812
3159500	-116.542839050293
3164000	-113.658889770508
3168500	-112.117027282715
3173000	-112.213905334473
3177500	-114.485198974609
3182000	-111.092308044434
3186500	-114.298011779785
3191000	-111.279708862305
3195500	-113.563995361328
3200000	-113.252151489258
3204500	-114.237632751465
3209000	-110.639686584473
3213500	-114.256240844727
3218000	-113.09309387207
3222500	-111.597465515137
3227000	-110.776832580566
3231500	-113.809791564941
3236000	-110.249671936035
3240500	-110.801208496094
3245000	-114.836585998535
3249500	-114.013031005859
3254000	-110.666725158691
3258500	-116.211730957031
3263000	-112.371788024902
3267500	-113.994697570801
3272000	-115.673706054687
3276500	-113.897674560547
3281000	-114.122657775879
3285500	-113.939109802246
3290000	-116.632606506348
3294500	-116.155288696289
3299000	-113.50025177002
3303500	-113.093139648437
3308000	-113.708274841309
3312500	-114.007125854492
3317000	-117.178115844727
3321500	-115.896911621094
3326000	-110.429550170898
3330500	-115.065887451172
3335000	-115.686386108398
3339500	-114.83617401123
3344000	-114.947463989258
3348500	-115.016677856445
3353000	-115.860771179199
3357500	-113.160034179687
3362000	-116.659019470215
3366500	-117.520660400391
3371000	-114.143783569336
3375500	-111.566772460938
3380000	-114.639945983887
3384500	-114.828048706055
3389000	-115.735443115234
3393500	-115.246948242187
3398000	-115.11336517334
3402500	-114.543159484863
3407000	-112.01301574707
3411500	-113.359512329102
3416000	-114.253433227539
3420500	-112.69352722168
3425000	-106.019424438477
3429500	-114.273834228516
3434000	-114.534507751465
3438500	-113.387573242187
3443000	-115.705993652344
3447500	-114.352127075195
3452000	-115.101341247559
3456500	-113.304580688477
3461000	-113.74405670166
3465500	-117.547386169434
3470000	-116.496299743652
3474500	-114.34838104248
3479000	-114.786994934082
3483500	-112.56324005127
3488000	-112.393905639648
3492500	-115.842842102051
3497000	-114.112174987793
3501500	-115.816497802734
3506000	-115.990577697754
3510500	-113.38257598877
3515000	-115.936088562012
3519500	-116.221961975098
3524000	-115.254051208496
3528500	-107.359916687012
3533000	-113.57152557373
3537500	-115.943664550781
3542000	-112.344772338867
3546500	-115.791564941406
3551000	-115.028198242187
3555500	-111.57405090332
3560000	-115.752700805664
3564500	-114.993049621582
3569000	-115.408187866211
3573500	-114.045341491699
3578000	-111.665176391602
3582500	-110.660346984863
3587000	-113.817199707031
3591500	-113.944450378418
3596000	-112.702598571777
3600500	-115.207916259766
3605000	-115.244522094727
3609500	-115.244667053223
3614000	-113.757392883301
3618500	-112.560104370117
3623000	-113.548393249512
3627500	-107.059181213379
3632000	-114.705780029297
3636500	-114.600746154785
3641000	-113.253105163574
3645500	-108.418495178223
3650000	-113.351692199707
3654500	-113.22989654541
3659000	-113.13794708252
3663500	-116.55834197998
3668000	-113.490058898926
3672500	-112.932579040527
3677000	-115.976440429687
3681500	-111.904228210449
3686000	-112.802406311035
3690500	-111.323181152344
3695000	-116.50853729248
3699500	-112.681632995605
3704000	-112.956604003906
3708500	-114.321105957031
3713000	-113.142211914062
3717500	-115.961349487305
3722000	-115.202934265137
3726500	-114.558372497559
3731000	-108.648002624512
3735500	-113.826416015625
3740000	-113.530906677246
3744500	-115.020523071289
3749000	-116.097709655762
3753500	-115.572479248047
3758000	-117.515487670898
3762500	-114.421539306641
3767000	-114.788475036621
3771500	-114.757598876953
3776000	-113.664810180664
3780500	-113.613143920898
3785000	-116.488403320312
3789500	-113.868980407715
3794000	-116.121917724609
3798500	-112.020820617676
3803000	-116.045524597168
3807500	-113.970809936523
3812000	-114.625122070313
3816500	-112.988227844238
3821000	-114.116943359375
3825500	-113.617950439453
3830000	-112.932678222656
3834500	-113.60570526123
3839000	-115.747062683105
3843500	-113.931167602539
3848000	-113.264808654785
3852500	-114.620758056641
3857000	-111.765167236328
3861500	-112.883331298828
3866000	-113.815093994141
3870500	-112.456268310547
3875000	-113.797164916992
3879500	-114.712707519531
3884000	-110.925956726074
3888500	-116.335716247559
3893000	-114.298187255859
3897500	-114.129043579102
3902000	-115.279190063477
3906500	-114.227600097656
3911000	-114.558616638184
3915500	-113.184226989746
3920000	-116.87092590332
3924500	-110.184417724609
3929000	-113.290374755859
3933500	-113.726860046387
3938000	-115.257415771484
3942500	-113.455322265625
3947000	-114.859519958496
3951500	-109.870513916016
3956000	-111.624565124512
3960500	-113.576385498047
3965000	-116.103828430176
3969500	-114.872482299805
3974000	-114.003105163574
3978500	-111.333541870117
3983000	-114.583358764648
3987500	-114.70384979248
3992000	-111.905212402344
3996500	-114.266082763672
4001000	-111.634384155273
4005500	-113.695610046387
4010000	-115.517845153809
4014500	-113.116188049316
4019000	-113.562377929687
4023500	-108.922431945801
4028000	-114.46248626709
4032500	-112.398811340332
4037000	-113.10717010498
4041500	-112.049713134766
4046000	-111.870407104492
4050500	-112.073234558105
4055000	-112.090911865234
4059500	-107.311645507812
4064000	-111.432327270508
4068500	-112.970169067383
4073000	-114.07177734375
4077500	-114.07942199707
4082000	-115.309555053711
4086500	-113.224822998047
4091000	-114.912994384766
4095500	-115.804420471191
4100000	-113.644432067871
4104500	-116.323921203613
4109000	-114.894439697266
4113500	-116.925994873047
4118000	-114.566284179687
4122500	-114.240394592285
4127000	-112.784561157227
4131500	-111.55199432373
4136000	-113.377990722656
4140500	-116.138389587402
4145000	-115.458442687988
4149500	-116.035583496094
4154000	-112.075065612793
4158500	-113.708877563477
4163000	-113.120567321777
4167500	-113.533798217773
4172000	-115.085968017578
4176500	-115.062995910645
4181000	-112.059150695801
4185500	-114.591041564941
4190000	-113.900863647461
4194500	-112.570350646973
4199000	-103.830917358398
4203500	-112.732696533203
4208000	-116.612464904785
4212500	-115.193153381348
4217000	-112.501289367676
4221500	-112.962821960449
4226000	-113.738784790039
4230500	-116.432662963867
4235000	-110.022796630859
4239500	-113.930305480957
4244000	-112.957580566406
4248500	-114.64917755127
4253000	-113.244583129883
4257500	-115.320640563965
4262000	-115.162490844727
4266500	-115.824203491211
4271000	-114.175651550293
4275500	-114.950119018555
4280000	-115.769371032715
4284500	-113.564315795898
4289000	-114.224342346191
4293500	-114.775779724121
4298000	-113.308044433594
4302500	-115.138114929199
4307000	-113.362579345703
4311500	-115.539993286133
4316000	-115.285949707031
4320500	-113.582908630371
4325000	-113.92066192627
4329500	-114.281097412109
4334000	-112.555114746094
4338500	-113.558708190918
4343000	-114.880928039551
4347500	-114.843147277832
4352000	-112.64054107666
4356500	-113.728958129883
4361000	-115.463287353516
4365500	-113.287506103516
4370000	-113.923629760742
4374500	-114.816467285156
4379000	-112.862182617187
4383500	-111.985084533691
4388000	-116.08024597168
4392500	-113.951019287109
4397000	-114.381469726562
4401500	-112.079765319824
4406000	-112.17406463623
4410500	-111.35319519043
4415000	-113.298561096191
4419500	-112.77335357666
4424000	-113.77010345459
4428500	-112.996040344238
4433000	-112.474555969238
4437500	-114.067596435547
4442000	-109.281784057617
4446500	-99.9747619628906
4451000	-110.99072265625
4455500	-103.063270568848
4460000	-108.447593688965
4464500	-111.670204162598
4469000	-113.249313354492
4473500	-112.132621765137
4478000	-113.199607849121
4482500	-111.616760253906
4487000	-113.75804901123
4491500	-109.913070678711
4496000	-113.637268066406
4500500	-114.893653869629
4505000	-112.77897644043
4509500	-112.481430053711
4514000	-114.052803039551
4518500	-113.662376403809
4523000	-112.389923095703
4527500	-112.382865905762
4532000	-114.173248291016
4536500	-113.317878723145
4541000	-114.857948303223
4545500	-112.590812683105
4550000	-113.456161499023
4554500	-113.304351806641
4559000	-115.362144470215
4563500	-115.166015625
4568000	-113.346870422363
4572500	-112.747573852539
4577000	-114.227638244629
4581500	-114.051002502441
4586000	-113.284934997559
4590500	-115.186317443848
4595000	-114.325370788574
4599500	-113.446586608887
4604000	-113.076965332031
4608500	-114.444969177246
4613000	-111.430252075195
4617500	-111.236930847168
4622000	-113.882125854492
4626500	-113.334182739258
4631000	-113.76318359375
4635500	-113.759544372559
4640000	-113.761772155762
4644500	-112.517959594727
4649000	-115.478622436523
4653500	-115.539596557617
4658000	-114.584800720215
4662500	-114.558319091797
4667000	-115.615417480469
4671500	-114.528587341309
4676000	-114.609390258789
4680500	-112.256385803223
4685000	-112.18285369873
4689500	-112.896034240723
4694000	-104.552940368652
4698500	-112.351829528809
4703000	-114.095031738281
4707500	-115.183601379395
4712000	-115.365196228027
4716500	-112.362335205078
4721000	-113.97290802002
4725500	-114.616859436035
4730000	-112.804710388184
4734500	-114.340827941895
4739000	-112.893783569336
4743500	-111.095848083496
4748000	-114.97859954834
4752500	-115.815567016602
4757000	-113.954071044922
4761500	-112.418029785156
4766000	-110.97412109375
4770500	-115.439575195312
4775000	-116.13020324707
4779500	-109.60538482666
4784000	-112.682327270508
4788500	-113.50235748291
4793000	-112.034317016602
4797500	-115.877250671387
4802000	-116.018432617187
4806500	-114.280242919922
4811000	-111.700317382812
4815500	-115.375793457031
4820000	-114.030387878418
4824500	-115.453582763672
4829000	-111.060478210449
4833500	-113.54891204834
4838000	-110.180389404297
4842500	-111.571571350098
4847000	-110.193428039551
4851500	-112.611221313477
4856000	-111.542541503906
4860500	-104.955390930176
4865000	-107.051483154297
4869500	-112.505676269531
4874000	-114.404632568359
4878500	-114.374366760254
4883000	-113.263153076172
4887500	-112.104370117187
4892000	-113.628234863281
4896500	-116.234321594238
4901000	-117.289001464844
4905500	-114.042961120605
4910000	-113.494903564453
4914500	-114.557502746582
4919000	-112.981468200684
4923500	-114.277450561523
4928000	-112.618392944336
4932500	-112.08667755127
4937000	-112.069213867187
4941500	-107.601066589355
4946000	-111.331565856934
4950500	-114.021003723145
4955000	-113.13794708252
4959500	-113.288017272949
4964000	-113.702857971191
4968500	-114.583518981934
4973000	-113.820198059082
4977500	-112.072189331055
4982000	-112.093284606934
4986500	-113.05810546875
4991000	-109.723876953125
4995500	-114.482261657715
5000000	-110.855331420898