Frequency (Hz)	Channel 2 Magnitude (dB)	Channel 2 Phase (deg)
690	0.1755130015579784	-4.469448251226709
702.0337071944945	0.1746222410535003	-4.540290846181165
714.2772841119495	0.1745422561368355	-4.619161957725709
726.7343909129378	0.1741536791325826	-4.703789205754415
739.4087515918009	0.1746499379707115	-4.782550127186333
752.3041550899203	0.1747834560598574	-4.874410782253653
765.4244564284038	0.174051747314167	-4.963124036467178
778.7735778605262	0.1734525768571477	-5.037351636903608
792.3555100442688	0.1720745121827197	-5.130353899171709
806.1743132353079	0.1767020975332215	-5.216102373428612
820.2341185008106	0.1748645098138578	-5.305815632782121
834.5391289543948	0.1732731750815127	-5.395171678930382
849.0936210126347	0.1755699485047482	-5.487982533672415
863.9019456734741	0.1742483621462898	-5.584006482557868
878.9685298169358	0.1735871477807909	-5.682089994969914
894.2978775285187	0.1709251235627214	-5.790973301695921
909.8945714456725	0.1735854343184403	-5.886763777436165
925.7632741277553	0.1713822005330931	-5.981530555314691
941.9087294498855	0.1723583056264457	-6.091005482643787
958.3357640211003	0.1773769012678896	-6.202136192680939
975.0492886272482	0.171360395651222	-6.310833023507548
992.0542996990457	0.1722717121184164	-6.424087001506805
1009.355880805738	0.1726221333289461	-6.535027729126803
1026.959204174806	0.1694694466956416	-6.643288983922687
1044.869532238184	0.173078066631881	-6.75314691519052
1063.092219205435	0.1698604434124262	-6.876877211844345
1081.632712664367	0.171141016060838	-7.006815726632212
1100.496555209569	0.1730277742975865	-7.119375409507795
1119.689386099341	0.1749390589291838	-7.247871541105781
1139.216942941519	0.1743457119288324	-7.377140679249607
1159.085063408715	0.1725683819354479	-7.487670163779001
1179.299686983458	0.1738525643928726	-7.634414227079525
1199.866856733773	0.1730503776935863	-7.769235116573071
1220.792721119734	0.1728519730892808	-7.904921246565976
1242.083535831509	0.1736158085405353	-8.038789653462345
1263.745665659478	0.1722210588147277	-8.174771993860823
1285.785586396952	0.1734479896017228	-8.319568698621751
1308.209886776085	0.1733793995033439	-8.46336549805801
1331.025270437543	0.1709266388714554	-8.614907180508752
1354.238557934526	0.1727478184551047	-8.748692700366576
1377.856688771741	0.1765530460475005	-8.9139069007459
1401.886723479937	0.1749968199960205	-9.074480343579239
1426.335845726613	0.1748160341409559	-9.234255881360738
1451.211364463549	0.1719916841334214	-9.401867880754111
1476.520716111776	0.1704533226409715	-9.554408230686411
1502.271466784668	0.1743932778676169	-9.720613604190067
1528.471314549785	0.1733655384105747	-9.905380280646469
1555.128091730185	0.1748674957626868	-10.07522662074061
1582.249767245857	0.1727746433935385	-10.24492130136227
1609.844448995993	0.1758037867935346	-10.4134825520186
1637.920386282804	0.1793670661951466	-10.61273750760121
1666.485972277617	0.1797484167317309	-10.79638374048068
1695.549746529966	0.1744685577886629	-10.98451512366915
1725.12039752046	0.176731187639856	-11.19360792564538
1755.206765258158	0.1783437814503782	-11.37721954594822
1785.817843923248	0.1787108455674251	-11.58581393226791
1816.962784555821	0.1762544763335468	-11.78799611501709
1848.650897791529	0.1770966676720953	-11.99556595603357
1880.891656644952	0.1786985621175368	-12.21702260306225
1913.694699341522	0.1788966171306268	-12.41360073431778
1947.069832198815	0.1808300885818594	-12.63523627591671
1981.02703255811	0.1851798369491034	-12.8527928131769
2015.57645176707	0.1819077182302319	-13.09035763574408
2050.728418214439	0.1821726463102985	-13.32790315497424
2086.493440417658	0.1802082288659609	-13.55729828021505
2122.882210164353	0.1831834007321691	-13.80635550882609
2159.905605708583	0.183358404028253	-14.04854121395466
2197.57469502285	0.1863520215512728	-14.29919640665378
2235.900739106814	0.1890656823768979	-14.55165556526623
2274.89519535372	0.1880439826982552	-14.81839321389026
2314.56972097553	0.1885916300368759	-15.08550475574928
2354.936176487794	0.1875341744043359	-15.34477376158571
2396.006629255297	0.1908658158119891	-15.63517633239894
2437.793357099536	0.1916389074251171	-15.8946399015727
2480.30885196913	0.1933544869815017	-16.18976730473825
2523.565823674216	0.198943215196577	-16.48131758574999
2567.577203685996	0.1961346449184061	-16.78012699911459
2612.356149002541	0.1988834444953777	-17.07223238873996
2657.91604608201	0.1996757031932378	-17.38487192703011
2704.270514844473	0.1977451595581523	-17.69547512913609
2751.433412743521	0.1999456926089581	-18.01630954694424
2799.418838908892	0.2028443161569624	-18.34994367211389
2848.241138361328	0.207473321996173	-18.69336349448621
2897.914906300971	0.2086626744216946	-19.01694800442139
2948.454992470517	0.2121992306646885	-19.37228861524963
2999.876505594482	0.2163470738930286	-19.71518242633447
3052.19481789588	0.2126921289677846	-20.07290910392314
3105.425569691695	0.2179219736732984	-20.44343400497453
3159.584674068457	0.2204698708200561	-20.82490366892385
3214.688321639402	0.2232091667196436	-21.20762951420872
3270.752985384575	0.2262764586402803	-21.60662532702548
3327.795425575353	0.233274933389344	-22.00033475849698
3385.832694784848	0.2327266000370836	-22.41855962658255
3444.882142985698	0.2415384655076539	-22.8449605286004
3504.96142273676	0.239310505555638	-23.25429032194737
3566.088494460256	0.245348405941946	-23.69296096435734
3628.281631810967	0.2505963694611747	-24.15462909522701
3691.559427139047	0.2543851096077692	-24.60603478707137
3755.940797048133	0.2576328434638721	-25.06909308318612
3821.444988050355	0.2638742678696335	-25.55173638954264
3888.091582320017	0.2693811131941187	-26.03609102939987
3955.900503547578	0.2749848984602986	-26.5355946081624
4024.892022895759	0.2786165877642303	-27.05245466650904
4095.086765059504	0.2824195427540867	-27.59242171824292
4166.505714431642	0.2896615922844576	-28.13099136426737
4239.170221376074	0.2941913056183779	-28.67045043102084
4313.102008610364	0.2966796765798718	-29.26213350237615
4388.323177699644	0.3106309472775624	-29.81820738729608
4464.856215663774	0.3158927175404285	-30.42781617833668
4542.72400169974	0.3255552347205753	-31.03897061823545
4621.949814021273	0.3277776667225035	-31.67250428757147
4702.557336817764	0.3333252247929385	-32.31814695547991
4784.570667334557	0.3404336796154566	-32.9843660409649
4868.014323076688	0.3473599546700856	-33.67544041304728
4952.913249138297	0.3599304465698627	-34.37101267022308
5039.292825659836	0.3656414651827382	-35.09424302256262
5127.178875415359	0.3729170484508507	-35.87267110592434
5216.597671532091	0.3836200901840953	-36.63080989155417
5307.575945344698	0.3893456966165726	-37.42262692946713
5400.140894386466	0.3937984860252631	-38.23798577500848
5494.320190519889	0.4077064898324014	-39.10576507297635
5590.141988209041	0.4114509152156565	-39.95937160830075
5687.634932936225	0.4214216550081099	-40.86446604125558
5786.828169765402	0.42477770696365	-41.80057283041586
5887.75135205498	0.428633242793945	-42.77627721875055
5990.434650322543	0.4352332558091496	-43.78563257267687
6094.908761264188	0.4324498871125413	-44.79738652736587
6201.204916931162	0.4453331621293061	-45.88287392446004
6309.354894066537	0.4491124407597771	-46.97977171858484
6419.391023604721	0.4531508960248565	-48.11072427333252
6531.346200336641	0.4517475806679633	-49.30180196388241
6645.253892743489	0.4387069580950298	-50.51475304623817
6761.148153001966	0.4356244918545826	-51.76797309510516
6879.063627164028	0.4265879554679195	-53.081589849926
6999.035565514157	0.4214030917985871	-54.39900007837035
7121.09983310728	0.4001721819222034	-55.75333172996709
7245.292920490434	0.3852457382556629	-57.22219281011444
7371.651954611485	0.3629743983738337	-58.65485762728999
7500.214709918031	0.3272919354647955	-60.15795543482177
7631.019619649906	0.3016773548094352	-61.66340476354884
7764.105787328614	0.2588903373998037	-63.19873316441334
7899.512998447154	0.2321896996272438	-64.76915692280284
8037.281732363699	0.1785721962240855	-66.32741108094754
8177.453174402717	0.1367690856692478	-67.91614872673988
8320.06922816714	0.08475099644052042	-69.51849240786237
8465.172528065237	0.03231404096581869	-71.18289198507448
8612.806452055982	-0.02634569993862416	-72.79523918321667
8763.015134616699	-0.1010954018735594	-74.47384661528419
8915.843479936844	-0.1576863029007743	-76.1401022496064
9071.33717534192	-0.2339751960531149	-77.80596342280987
9229.542704951482	-0.3109615420589893	-79.49318201088447
9390.507363575347	-0.3958103304364282	-81.17901748975811
9554.279270852172	-0.4900680507623947	-82.88882707503535
9720.907385634591	-0.5748435103862244	-84.59286908102256
9890.441520625209	-0.673700158408576	-86.26774581317136
10062.93235726793	-0.7907414866418149	-87.96178024714217
10238.43146089889	-0.8818529397917884	-89.66672162129537
10416.99129616172	-0.9927427124370851	-91.33221361369438
10598.66524269159	-1.123110383263127	-93.00919050103627
10783.50761107277	-1.216803301023514	-94.69603466835235
10971.57365907459	-1.340636102168258	-96.33165215783113
11162.91960817043	-1.473345519807277	-98.01638170857839
11357.60266034493	-1.586791414082632	-99.68715754198593
11555.68101519421	-1.714687450521117	-101.3758393312821
11757.21388732439	-1.848299338033296	-103.0078886053934
11962.26152405353	-1.97897120549597	-104.6251353322372
12170.88522342226	-2.113754605206692	-106.2730099780261
12383.14735251858	-2.249668201943209	-107.9231855345977
12599.11136612219	-2.396367478657252	-109.521808013371
12818.84182567398	-2.517733803652261	-111.1434838314364
13042.40441857645	-2.657152146326487	-112.7720669316478
13269.86597783056	-2.796795624971719	-114.3852916342366
13501.29450201518	-2.939424772115967	-115.9763300916156
13736.75917561502	-3.073892022562084	-117.5593939212187
13976.33038970289	-3.213312679614799	-119.176111473946
14220.07976298289	-3.358642631879325	-120.7506092398651
14468.08016320042	-3.508192463838038	-122.3445204959897
14720.40572892567	-3.65217385623375	-123.9341320104572
14977.13189171705	-3.794482374623303	-125.5305867092956
15238.33539867103	-3.942663699647661	-127.1108042615687
15504.09433536539	-4.100909795817783	-128.6691038134192
15774.4881492025	-4.241062243507487	-130.2490507235914
16049.59767315978	-4.388615774289895	-131.7933596264232
16329.50514995434	-4.548643449763816	-133.3717334344314
16614.29425662904	-4.698902993313989	-134.9422147725593
16904.05012956736	-4.85440641641247	-136.5370580925697
17198.85938994456	-5.014527781392576	-138.0671772717366
17498.81016962264	-5.158467718768611	-139.634101248499
17803.99213749698	-5.326897027750704	-141.2173791007999
18114.49652630237	-5.479317124947429	-142.8441601859982
18430.41615988672	-5.648388859796951	-144.4094167789288
18751.84548096028	-5.806071881032899	-145.9558982823039
19078.8805793288	-5.967271959130164	-147.6194171791922
19411.6192206192	-6.149662716290116	-149.2490378345937
19750.16087550608	-6.30934937969977	-150.8591322351147
20094.60674944811	-6.482568783447924	-152.4714554021728
20445.05981294285	-6.644793835103505	-154.096014880057
20801.62483230934	-6.819267999215643	-155.7827825835425
21164.40840100751	-6.993442296323403	-157.4449831407002
21533.51897150377	-7.170417682906844	-159.0904381908013
21909.06688769242	-7.336830818737154	-160.8659969267041
22291.1644178824	-7.528129600310514	-162.5952612818325
22679.9257883594	-7.704158299120635	-164.2524584649622
23075.46721753328	-7.883740049658693	-166.0056277536897
23477.90695068101	-8.063758176405353	-167.8280612355297
23887.36529529564	-8.267856275525784	-169.5645536312817
24303.96465705146	-8.422137725919315	-171.40361709608
24727.82957639682	-8.621139748960498	-173.2985570737289
25159.08676578482	-8.82711646318436	-175.1393320441583
25597.86514755342	-9.00470001547998	-177.1649887104875
26044.29589246619	-9.19525198671033	-179.0615478461645
26498.51245892519	-9.375302946554708	178.7670891978058
26960.65063286776	-9.582653119823629	176.7016371749384
27430.84856835905	-9.769376023898067	174.5223756603869
27909.2468288926	-9.949541842078663	172.1715054399966
28395.9884294111	-10.15795983822855	169.7623762156951
28891.21887906006	-10.34798104251071	167.2780167949298
29395.0862246871	-10.53564769900196	164.5164949197609
29907.74109509986	-10.72342941772066	161.7714238991199
30429.33674609577	-10.92362440131551	158.7536701042142
30960.0291062772	-11.11201729397029	155.5292496305194
31499.97682366555	-11.31615942086402	152.0699826240063
32049.34131312838	-11.51096632620758	148.3295822394523
32608.28680463363	-11.74963158497738	144.3939796283701
33176.98039234531	-11.9956074358191	140.0057200430583
33755.5920845757	-12.28059347743311	135.5775488716117
34344.29485460842	-12.57483276897193	130.9439501078498
34943.26469240804	-12.91088641477243	126.3973939693021
35552.68065723145	-13.27199501218296	121.7986714100442
36172.7249311568	-13.62463139315492	116.975248722021
36803.58287354597	-14.03441118704121	112.4629761187151
37445.44307645693	-14.46680885125848	108.2438252607042
38098.49742102242	-14.9210615817651	104.0558416979312
38762.94113481197	-15.42080419148467	100.0957944226375
39438.97285019422	-15.85879032362478	95.71429592111052
40126.79466371718	-16.35888334949307	92.33281107871441
40826.6121965241	-16.88371146392773	88.6406095517076
41538.63465582289	-17.30930785753824	85.30084652543036
42263.07489742761	-17.82302495685413	81.49087612665795
43000.14948939084	-18.39480110324468	78.32576304651738
43750.07877674564	-18.94478405090683	75.79188380344743
44513.08694737669	-19.41285087304373	72.64141945153419
45289.40209904017	-20.01435119543639	69.29717439377389
46079.25630755259	-20.5951546290647	66.67960925497056
46882.88569616875	-21.17854070695423	64.06065827339815
47700.53050616969	-21.79995746977579	61.4225667959022
48532.43516868173	-22.32575070805207	58.66919767230412
49378.84837774796	-22.87639279641402	56.33575200160219
50240.02316467427	-23.51782554417685	53.94563582336897
51116.21697367181	-24.11197703477338	51.75732154636702
52007.69173881879	-24.68803941292771	48.77910459903345
52914.7139623644	-25.27487015330685	46.99330008702874
53837.55479439849	-25.81064998227039	45.1279594258458
54776.49011391058	-26.39567364303804	43.04898546875609
55731.80061126263	-26.99820910827068	41.98612351341664
56703.77187210017	-27.59650584210171	39.4994106598357
57692.69446272663	-28.03598167756979	37.46007546046498
58698.86401696705	-28.72806604898262	35.87453564593666
59722.58132454621	-29.38403129615846	34.43509513838364
60764.15242100849	-30.12059699054867	32.22933861542448
61823.88867920565	-30.60833939214395	31.07768349043999
62902.10690238041	-31.17196124991167	29.09363437960752
63999.12941887321	-31.87959400505979	28.89777416050995
65115.28417848085	-32.4748797078102	25.92977033024842
66250.90485049557	-32.98720456677803	26.09580019219865
67406.33092345379	-33.78095455762601	24.76777301554549
68581.90780662486	-34.28930203446846	22.00549077868584
69777.98693326941	-35.13842208166161	21.23490187470128
70994.92586569872	-35.81161770456023	20.04608464749492
72233.08840216634	-36.34496365384705	17.56690307359613
73492.84468562387	-37.04581566624614	15.91605644171374
74774.57131437352	-37.62428320346229	17.98607522030031
76078.65145465035	-37.78118775675332	15.9173249403797
77405.47495516816	-38.63575195685997	15.51000548213105
78755.43846366274	-38.83738729605339	11.5787048188235
80128.94554546816	-40.07660531192009	12.81228634014316
81526.40680416055	-40.7239747180187	7.005033162864976
82948.24000430621	-41.6034200783287	10.5853466237181
84394.87019635037	-41.46678179512389	10.50559192439587
85866.72984368406	-42.274559300934	2.899760103571751
87364.25895192703	-43.24304359722422	0.676733775369641
88887.90520046539	-43.65316749483178	5.428647123346842
90438.12407628329	-44.8406301056656	8.296210455871648
92015.37901012873	-44.43307803008458	1.345991349781968
93620.14151505382	-45.13384789311898	0.4636086106508372
95252.89132737163	-45.66781328479726	2.732816308586571
96914.11655007103	-46.9317065989226	-3.259908047415422
98604.31379873287	-47.91041359713888	-4.25008228310549
100323.9883499908	-48.16131101385017	-7.744918768762375
102073.6542925816	-49.16478927446889	-1.93272524870514
103853.8346810295	-49.9555699075297	-3.972557347329174
105665.0616920106	-51.21336487804254	-2.735793039060653
107507.8767834451	-49.41424586964793	0.1970125832335725
109382.8308563636	-51.51622963391945	-6.834011256704088
111290.4844195961	-50.66434139838609	-9.722200164969109
113231.4077573335	-54.46128827187326	-8.98979321954554
115206.181099612	-52.24917584982066	-9.238530729357265
117215.3947957695	-52.69010995953263	-12.73443750510584
119259.6494909279	-56.17973007319183	9.904264711689933
121339.5563055539	-59.38941529371631	-19.48128095344734
123455.7370181494	-53.21551470932591	-2.043599011295157
125608.8242511305	-53.7421516647465	-11.60126436887521
127799.4616599461	-53.34717492645012	3.593556431589782
130028.3041254966	-59.47045270161169	-21.06331832946682
132296.0179499066	-57.0178825876207	-15.46279809676554
134603.2810557135	-58.18135956556744	-60.47909178995987
136950.783188529	-58.48027520968198	-4.151181609089662
139339.2261232354	-56.50596301983434	12.76390899198466
141769.3238737782	-59.23460938377669	-21.12525607561523
144241.8029066166	-65.01231418149155	-4.452128441152482
146757.402357898	-59.51264795767642	-20.27584711095271
149316.8742544191	-57.00680886826028	19.4369454608935
151920.9837384406	-63.54593959196109	0.7489171478472976
154570.5092964231	-60.51326783039115	-42.23094571757979
157266.2429917521	-59.93133736773736	45.95536368786088
160008.9907015216	-60.133212016229	-29.00808356179162
162799.5723574473	-58.43362980226758	42.39488722028096
165638.8221909812	-63.42855661154091	20.68762393120275
168527.5889827019	-62.65806906961284	56.98095060074252
171466.7363160525	-71.92373904421008	-13.47240520687441
174457.1428355061	-61.15239431556599	-7.000372558601754
177499.7025092315	-60.87010916507116	53.87991901211913
180595.3248963416	-66.50073427902093	-17.7279422242186
183744.9354188013	-68.27069827814775	19.26346869442267
186949.4756380783	-68.57206867044872	57.53147244520039
190209.9035366187	-64.52748555626175	36.61318603373741
193527.1938042314	-70.63346805258179	-14.65799638784091
196902.3381294667	-58.71796403457846	15.96069769324195
200336.3454960773	-64.13558719079519	-14.73901287171265
203830.2424846496	-60.91262497359725	70.06298175226979
207385.0735794946	-62.36637858061898	-132.349654835749
211001.9014808921	-73.42768446894542	49.21254270246897
214681.80742278	-64.87898939629345	63.2079366779154
218425.8914959838	-69.35523892443351	128.4988982283318
222235.2729770839	-80.84901093985084	20.03655808522684
226111.0906630183	-62.32667592684965	57.63168912357641
230054.5032115207	-63.13075387657781	40.31072549777019
234066.689487495	-64.34648904347472	-94.97334060231914
238148.8489154329	-61.21682221574729	-14.01907121927329
242302.2018379753	-61.23401191912706	3.301499934920159
246527.9898807281	-58.0501231863143	32.18341785437858
250827.4763234411	-62.29359973042536	28.43380054985731
255201.9464776589	-65.16688972177586	56.23591086055202
259652.7080709592	-62.94797689296108	18.9625040093633
264181.0916378916	-62.09282128034053	26.89692251818946
268788.4509177355	-63.21427316732856	32.16911896486926
273476.1632591931	-62.1473400194436	15.97167893846074
278245.6300321423	-59.42022200047172	82.18055192973961
283098.2770465689	-60.01052348252042	40.20272385191467
288035.554978807	-61.26785671770697	78.9262739531958
293058.9398052109	-65.32261421464277	53.22638725499218
298169.9332433919	-67.57859108873441	47.09772030236729
303370.0632011497	-62.24963643236454	53.84291673918425
308660.8842332338	-69.28931970338562	-9.70962662553697
314043.9780060693	-62.29439804663247	54.41919918081044
319520.95377059	-66.65283938716721	52.95978902604718
325093.4488433158	-66.71623626787743	62.80769291890097
330763.1290958214	-61.81202022017634	61.85172062305128
336531.6894527401	-63.04929397372612	-19.07842068701429
342400.8543984542	-65.34918256951345	50.5714991346243
348372.3784926219	-70.62602633601072	37.38953011101377
354448.0468946942	-62.44727516642372	46.30771135301634
360629.67589758	-59.22813331184602	36.97640645417029
366919.1134706191	-62.23697248030543	38.39928241159765
373318.2398120232	-67.64788419567749	96.11957094400046
379828.9679109536	-61.52796961204082	34.6623463514843
386453.2441193992	-63.82303780397383	83.50329735681478
393193.04873403	-66.22362960983989	22.27917840713339
400050.396588198	-58.69817213786203	13.07234322833222
407027.3376542615	-60.66461420780449	47.7527077390545
414125.9576564151	-61.86393516099735	58.87008269203109
421348.3786942077	-60.77060567697068	22.07227345524278
428696.7598769339	-58.32589699667074	17.01851200444457
436173.2979690898	-65.84607138661909	38.76221678076437
443780.2280470854	-64.94163285983061	24.9076191102902
451519.824167411	-64.05751478563091	67.85794291952902
459394.4000464548	-66.16338880997891	49.4963123036881
467406.3097521787	-60.17982525034157	43.71210847762427
475557.9484078554	-65.97591658412117	66.17818840786182
483851.7529080795	-67.02026694578245	39.38224547020312
492290.202647266	-61.48697425322375	59.12808672958875
500875.8202608537	-60.14156976095337	30.77020976555931
509611.1723794354	-60.69230705806491	30.78427079889296
518498.87039604	-65.99649358235938	41.2390946655541
527541.5712467966	-59.39220347765169	22.66202182411829
536741.9782052133	-59.52749116174969	61.01790086853873
546102.8416903077	-61.73081889305143	59.51027380805486
555626.9600888334	-60.70774601948223	28.73430163229354
565317.180591842	-62.27026535345176	46.03809571455766
575176.4000458411	-60.83483585938754	46.93015963126931
585207.5658187905	-62.29949598481943	40.75143865877151
595413.6766812053	-60.38331301841581	43.64546532187023
605797.7837026241	-59.94126211236668	57.53507623944769
616362.9911637127	-61.5773251610016	56.00931902112828
627112.4574842734	-66.00809927511295	45.35028692112287
638049.3961674408	-59.50087780796586	57.47477426531973
649177.0767603439	-62.70331818672773	37.77595811914524
660498.8258315204	-60.33583028023935	49.31373994907396
672018.027965381	-60.85980264898487	29.68684886958857
683738.1267740143	-59.95271212752289	37.09054887425054
695662.6259266386	-65.8158582845859	38.7625506630939
707795.0901970071	-63.74740626499271	21.52146316375848
720139.1465290817	-62.14711998383073	30.390158381856
732698.4851212905	-60.24411444611587	40.08631678971457
745476.8605296953	-61.54996178317036	42.64082449317095
758478.0927903989	-62.171814142381	68.28725964146315
771706.0685615267	-63.37706858491592	63.18323415216318
785164.7422851257	-61.1318619981033	40.14316049585804
798858.1373693286	-59.57221087077958	68.90835176999576
812790.3473911282	-61.08856871633644	38.87654058965344
826965.5373201373	-63.30044837902776	61.39637617516757
841387.9447636855	-59.88806494230626	39.18421134159304
856061.8812336328	-60.84536715488782	33.88029942154481
870991.7334352758	-62.22837140383308	24.23162921162412
886181.9645787327	-59.83116662583166	41.61865830433541
901637.1157131998	-59.92131424418342	36.39744498809085
917361.8070844768	-62.68553523110857	47.98920671603891
933360.739516168	-61.05802831373509	30.5840710378967
949638.6958149716	-61.99453796253826	40.99157587772554
966200.5422004772	-61.65993008438433	28.04438255523922
983051.2297599009	-62.3195342609413	33.77434697207358
1000195.795928188	-63.55463832078954	59.0865699025623
1017639.365993934	-60.95917745241933	38.82885991082746
1035387.15463156	-62.18308194950634	50.03718261552135
1053444.467460222	-61.08138377734154	45.03929274274438
1071816.702629898	-62.04055829884301	52.79017965662879
1090509.352435139	-61.01883782792218	57.35506017902796
1109528.004956969	-61.54925793451299	50.74776795851551
1128878.345733409	-60.19880886589377	30.09744517165166
1148566.15945915	-61.15687043823256	48.09761685521096
1168597.331714855	-64.2033059270525	45.69905554956085
1188977.850726629	-61.39725674647167	54.29946022822556
1209713.80915617	-64.66845242977175	55.79479256850667
1230811.405922144	-60.61058119587443	45.65734744578151
1252276.94805332	-61.44934797090974	35.90211318629315
1274116.852574028	-61.15304862730378	55.65276860415372
1296337.648422502	-61.81225948368204	56.97799988401808
1318945.97840267	-61.72242052716755	59.91855829380361
1341948.601169994	-64.76945247481478	48.43182312179313
1365352.393251938	-63.90964282748208	25.26092406951257
1389164.351103671	-61.96845962134225	59.80333808504744
1413391.59319963	-65.65547241995885	82.36560987231093
1438041.362161549	-64.2912233228503	28.21743838397543
1463121.026923613	-61.15740098994756	55.86980138459946
1488638.084935362	-62.85090203050991	61.05177086611995
1514600.164403021	-65.18114792049764	71.8737625022696
1541015.026569919	-64.41779576651251	71.8776532520932
1567890.56803667	-63.2219226805887	46.23462253779078
1595234.823121834	-59.15718434761126	55.97791836510315
1623055.966263731	-61.01178407844078	69.92786424129143
1651362.314464159	-60.57679401737271	66.2651128363627
1680162.329774716	-65.83286394605486	55.1634777868283
1709464.621826496	-62.86621076170065	64.09148985770491
1739277.950403898	-59.31922396718853	70.86916945355439
1769611.22806332	-62.91035083692142	60.75554048793862
1800473.522797528	-62.6728157062978	48.18618589315947
1831874.060746492	-62.94153589817383	57.62213389280818
1863822.228955497	-64.44365530778238	66.41688117217464
1896327.578181352	-65.67589558998532	86.44753937212363
1929399.825747554	-66.3069922511467	82.1781984425461
1963048.858449227	-63.03798849163657	58.7661579536263
1997284.735508742	-60.74261731976905	67.69257792317399
2032117.691582866	-62.26614369325002	71.95024624486072
2067558.139822373	-64.41154437899098	66.96365111901054
2103616.674985005	-61.48159387187108	60.85254152294089
2140304.076602723	-62.00900527032186	70.70182663229963
2177631.312204202	-63.95169962492923	88.95330659378365
2215609.540593518	-61.04324007175656	72.7910130408651
2254250.115186026	-62.26158825444234	82.12818577146021
2293564.587402407	-62.10281907490308	79.73513613129251
2333564.710121917	-62.79699585964594	77.7760445102023
2374262.441195848	-61.15548232103582	87.62855197588104
2415669.947022277	-63.67803169507062	85.23878877724184
2457799.606183156	-60.29210546204573	72.44169854292375
2500664.013144825	-61.6995421252572	70.99577359870631
2544275.982023078	-62.87032071468357	95.53920826164121
2588648.550413876	-61.72437324019414	78.73233719402616
2633794.98329088	-62.69800947195197	90.92703012513792
2679728.776970954	-62.41144665434109	82.67592507019961
2726463.663148823	-61.9198728781333	85.6079111897177
2774013.6130021	-61.57189299133941	82.95451854549313
2822392.841367911	-64.6613105465143	101.8087308887852
2871615.810992343	-62.12457138029593	85.81831826732076
2921697.236854028	-59.73875777145934	74.1741238906484
2972652.090563108	-59.19334401067162	85.56942080352695
3024495.604836931	-61.84369615467357	106.9817104922708
3077243.278053805	-62.80129582921636	94.51600399931715
3130910.878886161	-62.12083700533004	94.44486482592927
3185514.451014529	-61.98864878999376	105.4143101995272
3241070.317923717	-60.70195156716332	99.6110375553346
3297595.087782646	-63.69811432924887	107.314314510774
3355105.658409283	-61.86596790591443	97.49232614982725
3413619.222322166	-59.93975486112004	117.8483500528927
3473153.271880025	-60.77508155855266	99.07269123469484
3533725.604511045	-60.46320936463324	113.0960161787116
3595354.328033326	-62.64272917883901	115.4218964973431
3658057.866068126	-60.84320659071363	102.1105887925622
3721854.963547518	-59.22936109336777	110.1142995955768
3786764.692318108	-59.43727759880215	110.4676389279056
3852806.456842464	-59.80059671832409	109.9751753301638
3920000	-59.53861860220294	106.0859282977457