Frequency (Hz)	Channel 1 Magnitude (dB)
690	0.1771130720710836
702.0337071944945	0.1749835685360534
714.2772841119495	0.175867761583272
726.7343909129378	0.1751490877812672
739.4087515918009	0.175341032936391
752.3041550899203	0.1757438255021853
765.4244564284038	0.1746379883978679
778.7735778605262	0.1745805406709807
792.3555100442688	0.1752944154869469
806.1743132353079	0.1773042312985145
820.2341185008106	0.1763811261557667
834.5391289543948	0.176385222165384
849.0936210126347	0.1764787475777227
863.9019456734741	0.1756542623948293
878.9685298169358	0.1745204597631213
894.2978775285187	0.1721654064391294
909.8945714456725	0.1761361580851653
925.7632741277553	0.1729673062970395
941.9087294498855	0.1729109897634934
958.3357640211003	0.1786501305297226
975.0492886272482	0.1745207411020526
992.0542996990457	0.173850301956813
1009.355880805738	0.1753911825014987
1026.959204174806	0.1728656182099825
1044.869532238184	0.1736431948190607
1063.092219205435	0.1721491433495207
1081.632712664367	0.1730175946250299
1100.496555209569	0.1733266860741695
1119.689386099341	0.1774861503286551
1139.216942941519	0.1774323261230544
1159.085063408715	0.1742357135794964
1179.299686983458	0.1750060710551707
1199.866856733773	0.175586787442914
1220.792721119734	0.174649900701462
1242.083535831509	0.1742935861842292
1263.745665659478	0.1743448195209743
1285.785586396952	0.1744780104923959
1308.209886776085	0.1754451745539372
1331.025270437543	0.1713158224956448
1354.238557934526	0.1738583704040205
1377.856688771741	0.1778893439231698
1401.886723479937	0.17554415075448
1426.335845726613	0.1748348850267371
1451.211364463549	0.1731846946775879
1476.520716111776	0.1715596903899438
1502.271466784668	0.1753725885532511
1528.471314549785	0.1729803541097304
1555.128091730185	0.174155443097382
1582.249767245857	0.1717565282652627
1609.844448995993	0.1745174951240119
1637.920386282804	0.1786008136939391
1666.485972277617	0.1775696389385789
1695.549746529966	0.1713947262826065
1725.12039752046	0.1745092288121327
1755.206765258158	0.1756373934227128
1785.817843923248	0.1732154586438415
1816.962784555821	0.173425751457544
1848.650897791529	0.1740602969826671
1880.891656644952	0.1744730655237195
1913.694699341522	0.174078883469505
1947.069832198815	0.1747124871250503
1981.02703255811	0.1787011062113582
2015.57645176707	0.1743434406969157
2050.728418214439	0.1737304128460628
2086.493440417658	0.1711983222274938
2122.882210164353	0.1738536956101407
2159.905605708583	0.1723796947301956
2197.57469502285	0.1756201584747532
2235.900739106814	0.1760290103783197
2274.89519535372	0.175660815509296
2314.56972097553	0.1730742936866826
2354.936176487794	0.1717913451597512
2396.006629255297	0.1741629420856636
2437.793357099536	0.1731511841222634
2480.30885196913	0.173302507221308
2523.565823674216	0.1758504866540686
2567.577203685996	0.1734340169870724
2612.356149002541	0.1753903810063529
2657.91604608201	0.1744621909671536
2704.270514844473	0.1723841558747283
2751.433412743521	0.1716492848850351
2799.418838908892	0.1708001492606314
2848.241138361328	0.173345227647742
2897.914906300971	0.1731562046913418
2948.454992470517	0.1720791111775277
2999.876505594482	0.1753382697490551
3052.19481789588	0.170827029494925
3105.425569691695	0.17330229577831
3159.584674068457	0.1725724352513639
3214.688321639402	0.1729212652238356
3270.752985384575	0.1715501536419341
3327.795425575353	0.1767690372249341
3385.832694784848	0.1703682007898267
3444.882142985698	0.1760717066149347
3504.96142273676	0.1708140949523689
3566.088494460256	0.1716624123669085
3628.281631810967	0.1729545487186268
3691.559427139047	0.1734923732061469
3755.940797048133	0.17076006202219
3821.444988050355	0.1722360965901364
3888.091582320017	0.1721623043881507
3955.900503547578	0.173585959497814
4024.892022895759	0.1728280873588977
4095.086765059504	0.1717350666449938
4166.505714431642	0.1695972366816282
4239.170221376074	0.1688116870388662
4313.102008610364	0.1647327720641938
4388.323177699644	0.1711067189393538
4464.856215663774	0.1701343526651738
4542.72400169974	0.1735826185872432
4621.949814021273	0.1682093128768623
4702.557336817764	0.166830462872003
4784.570667334557	0.1657622831926304
4868.014323076688	0.1650490621386523
4952.913249138297	0.16809577286271
5039.292825659836	0.1633278317835442
5127.178875415359	0.1658364358728315
5216.597671532091	0.1691026824413202
5307.575945344698	0.1645486886107288
5400.140894386466	0.1615072916538004
5494.320190519889	0.1668988070621568
5590.141988209041	0.1618331053216109
5687.634932936225	0.1616902948368643
5786.828169765402	0.1591167353669967
5887.75135205498	0.1580593168499992
5990.434650322543	0.156081752250501
6094.908761264188	0.1486268899697877
6201.204916931162	0.1602142449464958
6309.354894066537	0.1594860829591442
6419.391023604721	0.1583177883942621
6531.346200336641	0.1594241286116185
6645.253892743489	0.1494810635572508
6761.148153001966	0.1518744314981777
6879.063627164028	0.1523100121353027
6999.035565514157	0.1533863094098076
7121.09983310728	0.14781622785771
7245.292920490434	0.1481473520511929
7371.651954611485	0.1497827707706609
7500.214709918031	0.1399637407922329
7631.019619649906	0.1446468900881389
7764.105787328614	0.1351774099666841
7899.512998447154	0.1456813794052349
8037.281732363699	0.133539523244719
8177.453174402717	0.1398397945715547
8320.06922816714	0.1381879796114598
8465.172528065237	0.1363558032109916
8612.806452055982	0.136266952362851
8763.015134616699	0.1245232853540901
8915.843479936844	0.1403681472879654
9071.33717534192	0.13627446555187
9229.542704951482	0.1345966561909192
9390.507363575347	0.1356377020011394
9554.279270852172	0.1292006376758938
9720.907385634591	0.1333108766961821
9890.441520625209	0.1347731503781538
10062.93235726793	0.1189629577106238
10238.43146089889	0.1341034047170348
10416.99129616172	0.1310450127943673
10598.66524269159	0.1137066261663911
10783.50761107277	0.1327993152034746
10971.57365907459	0.1305429922804344
11162.91960817043	0.1209479589444934
11357.60266034493	0.134358251738176
11555.68101519421	0.1352365747076239
11757.21388732439	0.1295122602481686
11962.26152405353	0.1305905514802312
12170.88522342226	0.130882469003441
12383.14735251858	0.1343312846401679
12599.11136612219	0.1189944804631145
12818.84182567398	0.1345381524848608
13042.40441857645	0.1362194964226133
13269.86597783056	0.1350555465513852
13501.29450201518	0.1311374235691759
13736.75917561502	0.1398244261485068
13976.33038970289	0.1398520265821382
14220.07976298289	0.1399550932903246
14468.08016320042	0.1354656553160724
14720.40572892567	0.1431533375820778
14977.13189171705	0.1474151895462006
15238.33539867103	0.1480835348914318
15504.09433536539	0.1343985873491234
15774.4881492025	0.1496522446593104
16049.59767315978	0.1503632280412917
16329.50514995434	0.1522133885013315
16614.29425662904	0.1522361690028672
16904.05012956736	0.1515995005212077
17198.85938994456	0.1553516794103348
17498.81016962264	0.1555476698094927
17803.99213749698	0.1558691768352836
18114.49652630237	0.1590787113481712
18430.41615988672	0.1566570979682703
18751.84548096028	0.1656823743067488
19078.8805793288	0.1680971003621226
19411.6192206192	0.1568045881139049
19750.16087550608	0.1693955488079271
20094.60674944811	0.1599194304035887
20445.05981294285	0.1733621038112633
20801.62483230934	0.1770725122990729
21164.40840100751	0.1784824804326493
21533.51897150377	0.1786300128963135
21909.06688769242	0.1844474694501155
22291.1644178824	0.1797177622892633
22679.9257883594	0.1903966484728199
23075.46721753328	0.1878505418992092
23477.90695068101	0.1950242125760464
23887.36529529564	0.1957586724695079
24303.96465705146	0.1997991445501175
24727.82957639682	0.1990432864866884
25159.08676578482	0.1854081902542467
25597.86514755342	0.2038692092619017
26044.29589246619	0.205933611337421
26498.51245892519	0.2055151734248364
26960.65063286776	0.2101793074759432
27430.84856835905	0.2125805087892982
27909.2468288926	0.2164212306656544
28395.9884294111	0.2131518166130431
28891.21887906006	0.208840829171663
29395.0862246871	0.2177123693315461
29907.74109509986	0.2165595911373702
30429.33674609577	0.20872538541908
30960.0291062772	0.2165489690962846
31499.97682366555	0.2141952232131564
32049.34131312838	0.2050607476951636
32608.28680463363	0.2109576054762773
33176.98039234531	0.2107170359698594
33755.5920845757	0.1985249493806437
34344.29485460842	0.2033061451641886
34943.26469240804	0.1971147381083065
35552.68065723145	0.1783196635178287
36172.7249311568	0.1887112269390975
36803.58287354597	0.1882342975680801
37445.44307645693	0.180231408030539
38098.49742102242	0.1753331157554718
38762.94113481197	0.1743524654130325
39438.97285019422	0.1683946825865256
40126.79466371718	0.1591502150744523
40826.6121965241	0.1670960020564373
41538.63465582289	0.1684855488233518
42263.07489742761	0.1598407818373451
43000.14948939084	0.1562354865673842
43750.07877674564	0.1641106101216726
44513.08694737669	0.1612176681677829
45289.40209904017	0.1586104896548167
46079.25630755259	0.1566574215602213
46882.88569616875	0.1582441870632866
47700.53050616969	0.1541892921626591
48532.43516868173	0.1589844101338896
49378.84837774796	0.1612951296543961
50240.02316467427	0.156500092803453
51116.21697367181	0.1672374800241033
52007.69173881879	0.1718997299192671
52914.7139623644	0.1707543677549986
53837.55479439849	0.1791289023993791
54776.49011391058	0.180769689478677
55731.80061126263	0.1895904523865488
56703.77187210017	0.1851344112849238
57692.69446272663	0.1920699699227998
58698.86401696705	0.1966233210769494
59722.58132454621	0.1923523090904216
60764.15242100849	0.2050404625498492
61823.88867920565	0.2079683957584536
62902.10690238041	0.2041172985382957
63999.12941887321	0.2157322085217978
65115.28417848085	0.2220684790195618
66250.90485049557	0.2164624323484263
67406.33092345379	0.2210953594913912
68581.90780662486	0.2373326188276212
69777.98693326941	0.2316799846918668
70994.92586569872	0.2380539169599907
72233.08840216634	0.2498763016092473
73492.84468562387	0.2543342650085959
74774.57131437352	0.254048733045221
76078.65145465035	0.2655119820973909
77405.47495516816	0.2708073951830117
78755.43846366274	0.2749585825419494
80128.94554546816	0.284659502824479
81526.40680416055	0.2778977480377374
82948.24000430621	0.2927458580001335
84394.87019635037	0.3023628591141957
85866.72984368406	0.3088897714442843
87364.25895192703	0.3035255103318015
88887.90520046539	0.3199728893184161
90438.12407628329	0.3308132751423581
92015.37901012873	0.3251320930841312
93620.14151505382	0.3455910619948631
95252.89132737163	0.343251148443129
96914.11655007103	0.3543844318482381
98604.31379873287	0.3581901690904276
100323.9883499908	0.3591598909546195
102073.6542925816	0.3762091271805033
103853.8346810295	0.3748396791539276
105665.0616920106	0.3858059813153659
107507.8767834451	0.3886066320037331
109382.8308563636	0.4082712837978311
111290.4844195961	0.4115227640222378
113231.4077573335	0.4159108986044744
115206.181099612	0.4288668657314227
117215.3947957695	0.4324839169214039
119259.6494909279	0.4314491597178722
121339.5563055539	0.4445969628986237
123455.7370181494	0.4586195681200894
125608.8242511305	0.4589645374246405
127799.4616599461	0.4722467637068257
130028.3041254966	0.4755365283053614
132296.0179499066	0.4900583886405152
134603.2810557135	0.4940211985816323
136950.783188529	0.4908418867239238
139339.2261232354	0.5093992659981934
141769.3238737782	0.5073411709690256
144241.8029066166	0.517721034408571
146757.402357898	0.5239235762926526
149316.8742544191	0.5232694476719691
151920.9837384406	0.5441896803879149
154570.5092964231	0.5476247254425057
157266.2429917521	0.556669278505499
160008.9907015216	0.5535270358831108
162799.5723574473	0.5631399278317477
165638.8221909812	0.5728392415179516
168527.5889827019	0.5789404571155009
171466.7363160525	0.5694134915385527
174457.1428355061	0.5805295211274295
177499.7025092315	0.5964290387098559
180595.3248963416	0.5996915287723953
183744.9354188013	0.6037886513558304
186949.4756380783	0.5976815722039887
190209.9035366187	0.6140685494242144
193527.1938042314	0.6266400120563186
196902.3381294667	0.6209290353482351
200336.3454960773	0.6212342480518207
203830.2424846496	0.6340279071359268
207385.0735794946	0.6424710552311221
211001.9014808921	0.6375693343389289
214681.80742278	0.6273161283611005
218425.8914959838	0.647662144951306
222235.2729770839	0.6464938869593518
226111.0906630183	0.6385531696342041
230054.5032115207	0.6511578932785715
234066.689487495	0.644405051907646
238148.8489154329	0.6457042494967415
242302.2018379753	0.6591928888552084
246527.9898807281	0.6603204059700125
250827.4763234411	0.6444419761730226
255201.9464776589	0.6483517521359914
259652.7080709592	0.65241610628547
264181.0916378916	0.662166193334663
268788.4509177355	0.6455748645299446
273476.1632591931	0.6442698089141536
278245.6300321423	0.6568899631843322
283098.2770465689	0.651942916803771
288035.554978807	0.6374879709531107
293058.9398052109	0.6412032311882168
298169.9332433919	0.6475268111659587
303370.0632011497	0.6352577714062326
308660.8842332338	0.6312364502717129
314043.9780060693	0.624390836200782
319520.95377059	0.6227922751566264
325093.4488433158	0.6180746940516521
330763.1290958214	0.6210497393619355
336531.6894527401	0.6063167637387492
342400.8543984542	0.6111942662614746
348372.3784926219	0.5930626535714789
354448.0468946942	0.5856908473345728
360629.67589758	0.5799214516668229
366919.1134706191	0.5809993201541439
373318.2398120232	0.560742689835906
379828.9679109536	0.556827464139888
386453.2441193992	0.5592636194093834
393193.04873403	0.548171605457608
400050.396588198	0.5339186402406323
407027.3376542615	0.5231350770119091
414125.9576564151	0.5122055661665621
421348.3786942077	0.4966710131203553
428696.7598769339	0.4904297378123225
436173.2979690898	0.4848803423737906
443780.2280470854	0.4667453086267336
451519.824167411	0.4567338833734758
459394.4000464548	0.4447790018274438
467406.3097521787	0.4278318392029409
475557.9484078554	0.4184797880543917
483851.7529080795	0.3932822109017528
492290.202647266	0.3826006335320575
500875.8202608537	0.3697058616782155
509611.1723794354	0.3558664917750417
518498.87039604	0.3242548927331351
527541.5712467966	0.3165839567931298
536741.9782052133	0.2993330825512195
546102.8416903077	0.2794851373965734
555626.9600888334	0.2555669208638788
565317.180591842	0.240640765645343
575176.4000458411	0.2174505153957139
585207.5658187905	0.1936928216771922
595413.6766812053	0.1697736434573333
605797.7837026241	0.1413497546368348
616362.9911637127	0.104961260648411
627112.4574842734	0.09277931035666684
638049.3961674408	0.07082173664764907
649177.0767603439	0.04636504092061779
660498.8258315204	0.01592061391597699
672018.027965381	-0.01045306541195518
683738.1267740143	-0.03993490273818982
695662.6259266386	-0.06943524992003308
707795.0901970071	-0.1024955516440813
720139.1465290817	-0.1295445773357249
732698.4851212905	-0.167134643275585
745476.8605296953	-0.2026670906870418
758478.0927903989	-0.2310905154307146
771706.0685615267	-0.2649887324294267
785164.7422851257	-0.3052947868806353
798858.1373693286	-0.3473848181623928
812790.3473911282	-0.3919871033566936
826965.5373201373	-0.4147389703307083
841387.9447636855	-0.4609137459445562
856061.8812336328	-0.4980265829881891
870991.7334352758	-0.5412092623795777
886181.9645787327	-0.5895827865295491
901637.1157131998	-0.625955106390401
917361.8070844768	-0.6708294465156142
933360.739516168	-0.721275079694339
949638.6958149716	-0.7678932896542591
966200.5422004772	-0.8164690831504874
983051.2297599009	-0.8820162407582771
1000195.795928188	-0.9180958191757106
1017639.365993934	-0.9703460210082739
1035387.15463156	-1.017757239895567
1053444.467460222	-1.074831228908791
1071816.702629898	-1.132045152255574
1090509.352435139	-1.191162591069759
1109528.004956969	-1.245129244578707
1128878.345733409	-1.327619865736165
1148566.15945915	-1.366405374611496
1168597.331714855	-1.429454518053904
1188977.850726629	-1.498551453209008
1209713.80915617	-1.549337313134418
1230811.405922144	-1.617577751827933
1252276.94805332	-1.684042580055806
1274116.852574028	-1.75329745366269
1296337.648422502	-1.820409277159491
1318945.97840267	-1.888918785197523
1341948.601169994	-1.95690076252598
1365352.393251938	-2.028645950309448
1389164.351103671	-2.10776265190291
1413391.59319963	-2.178687181985022
1438041.362161549	-2.251434879438875
1463121.026923613	-2.325394478351904
1488638.084935362	-2.409177165275817
1514600.164403021	-2.482675014884049
1541015.026569919	-2.567312479305757
1567890.56803667	-2.657109669728809
1595234.823121834	-2.729445255179364
1623055.966263731	-2.81506126227535
1651362.314464159	-2.903649333622973
1680162.329774716	-2.997444527697538
1709464.621826496	-3.079471839333075
1739277.950403898	-3.186419664370606
1769611.22806332	-3.256425283281754
1800473.522797528	-3.36645885872815
1831874.060746492	-3.435464769245585
1863822.228955497	-3.539505305023287
1896327.578181352	-3.628794662914914
1929399.825747554	-3.722068890045623
1963048.858449227	-3.821499072513243
1997284.735508742	-3.928665585200944
2032117.691582866	-4.041159014020769
2067558.139822373	-4.12538147364573
2103616.674985005	-4.21995463911017
2140304.076602723	-4.320467591040822
2177631.312204202	-4.423213326324802
2215609.540593518	-4.542600384778053
2254250.115186026	-4.630683860901412
2293564.587402407	-4.735714551273985
2333564.710121917	-4.841407498965887
2374262.441195848	-4.965083542923322
2415669.947022277	-5.051176456530264
2457799.606183156	-5.16070152358551
2500664.013144825	-5.262961743609905
2544275.982023078	-5.38252948264629
2588648.550413876	-5.486239750022986
2633794.98329088	-5.586946809843592
2679728.776970954	-5.713792980607735
2726463.663148823	-5.816201062981822
2774013.6130021	-5.924664079334026
2822392.841367911	-6.032920617863838
2871615.810992343	-6.14695706914869
2921697.236854028	-6.268868099875932
2972652.090563108	-6.393315019149814
3024495.604836931	-6.487590989778741
3077243.278053805	-6.60491101920438
3130910.878886161	-6.742561386380218
3185514.451014529	-6.836511619474135
3241070.317923717	-6.967494416907139
3297595.087782646	-7.058293338252809
3355105.658409283	-7.19100087279874
3413619.222322166	-7.295881545722835
3473153.271880025	-7.418712246469795
3533725.604511045	-7.550360172661369
3595354.328033326	-7.650123188539477
3658057.866068126	-7.765508226735177
3721854.963547518	-7.877447959847597
3786764.692318108	-7.999376166869135
3852806.456842464	-8.127942361852114
3920000	-8.237520668228427