500000	-107.158988952637
504500	-107.892799377441
509000	-108.625877380371
513500	-108.906959533691
518000	-106.072860717773
522500	-108.375915527344
527000	-109.355903625488
531500	-107.567428588867
536000	-107.162826538086
540500	-109.524032592773
545000	-109.611152648926
549500	-107.928428649902
554000	-109.865013122559
558500	-108.526466369629
563000	-110.385704040527
567500	-110.565048217773
572000	-109.962875366211
576500	-110.162178039551
581000	-110.818916320801
585500	-110.961410522461
590000	-110.11653137207
594500	-109.428665161133
599000	-108.633514404297
603500	-110.172309875488
608000	-108.492446899414
612500	-110.742477416992
617000	-110.966064453125
621500	-109.520774841309
626000	-113.561386108398
630500	-111.035614013672
635000	-110.403251647949
639500	-110.485694885254
644000	-110.416107177734
648500	-109.810363769531
653000	-110.602035522461
657500	-111.573715209961
662000	-112.843368530273
666500	-110.781623840332
671000	-109.019828796387
675500	-112.741020202637
680000	-110.258476257324
684500	-110.680595397949
689000	-110.589698791504
693500	-111.422996520996
698000	-108.94367980957
702500	-110.231376647949
707000	-113.220069885254
711500	-107.878860473633
716000	-111.578132629395
720500	-113.119186401367
725000	-112.019386291504
729500	-113.858673095703
734000	-111.414733886719
738500	-110.049278259277
743000	-112.399101257324
747500	-113.790260314941
752000	-112.634887695313
756500	-111.487915039062
761000	-111.310325622559
765500	-112.607559204102
770000	-112.639602661133
774500	-112.944755554199
779000	-111.372634887695
783500	-110.27823638916
788000	-109.783416748047
792500	-110.165657043457
797000	-108.852432250977
801500	-111.243049621582
806000	-111.354553222656
810500	-109.936141967773
815000	-111.658432006836
819500	-110.980972290039
824000	-111.3828125
828500	-113.737121582031
833000	-113.382881164551
837500	-113.716575622559
842000	-113.694931030273
846500	-112.952659606934
851000	-113.424766540527
855500	-115.660636901855
860000	-112.663230895996
864500	-112.724090576172
869000	-115.731513977051
873500	-113.413246154785
878000	-113.889183044434
882500	-116.560829162598
887000	-114.037246704102
891500	-115.624465942383
896000	-112.986480712891
900500	-113.083801269531
905000	-114.555282592773
909500	-114.20915222168
914000	-113.445442199707
918500	-113.351013183594
923000	-114.691947937012
927500	-116.03816986084
932000	-113.400993347168
936500	-113.579483032227
941000	-114.156494140625
945500	-112.88631439209
950000	-115.01879119873
954500	-113.672477722168
959000	-115.643623352051
963500	-115.498977661133
968000	-113.797073364258
972500	-109.425621032715
977000	-111.815307617187
981500	-112.853469848633
986000	-112.039100646973
990500	-113.731521606445
995000	-112.613288879395
999500	-114.162399291992
1004000	-112.715423583984
1008500	-114.575569152832
1013000	-113.136367797852
1017500	-115.826606750488
1022000	-112.514350891113
1026500	-115.739906311035
1031000	-112.204948425293
1035500	-113.601959228516
1040000	-115.030754089355
1044500	-113.413314819336
1049000	-114.194595336914
1053500	-111.885627746582
1058000	-114.522102355957
1062500	-114.965553283691
1067000	-112.659301757812
1071500	-113.677864074707
1076000	-113.854965209961
1080500	-113.825393676758
1085000	-114.339805603027
1089500	-113.82341003418
1094000	-113.811416625977
1098500	-114.222007751465
1103000	-113.126983642578
1107500	-114.797050476074
1112000	-115.033485412598
1116500	-115.75178527832
1121000	-114.268333435059
1125500	-114.709442138672
1130000	-114.160011291504
1134500	-113.365943908691
1139000	-114.722122192383
1143500	-112.219581604004
1148000	-113.66236114502
1152500	-114.480857849121
1157000	-118.251998901367
1161500	-114.77082824707
1166000	-112.525482177734
1170500	-114.614723205566
1175000	-115.259925842285
1179500	-114.528030395508
1184000	-113.735641479492
1188500	-114.673599243164
1193000	-113.867225646973
1197500	-110.906364440918
1202000	-113.885437011719
1206500	-113.833587646484
1211000	-113.677238464355
1215500	-114.590148925781
1220000	-115.993858337402
1224500	-113.668655395508
1229000	-112.80167388916
1233500	-115.264373779297
1238000	-113.93302154541
1242500	-115.099449157715
1247000	-112.34294128418
1251500	-114.508567810059
1256000	-112.642707824707
1260500	-115.448066711426
1265000	-115.162139892578
1269500	-116.39241027832
1274000	-116.892478942871
1278500	-114.736892700195
1283000	-116.258522033691
1287500	-115.786346435547
1292000	-116.71467590332
1296500	-114.905517578125
1301000	-116.266990661621
1305500	-115.068176269531
1310000	-115.460296630859
1314500	-113.626205444336
1319000	-114.57691192627
1323500	-112.536521911621
1328000	-114.38680267334
1332500	-114.024848937988
1337000	-115.982719421387
1341500	-114.774276733398
1346000	-115.449546813965
1350500	-116.057388305664
1355000	-116.051254272461
1359500	-113.531639099121
1364000	-114.58186340332
1368500	-115.827651977539
1373000	-116.285064697266
1377500	-115.559997558594
1382000	-113.206321716309
1386500	-116.907257080078
1391000	-115.603591918945
1395500	-117.116157531738
1400000	-114.405235290527
1404500	-116.193832397461
1409000	-114.16674041748
1413500	-115.063064575195
1418000	-116.090858459473
1422500	-115.628684997559
1427000	-113.905380249023
1431500	-115.012847900391
1436000	-117.096504211426
1440500	-114.022979736328
1445000	-117.5341796875
1449500	-114.654815673828
1454000	-114.653381347656
1458500	-115.797996520996
1463000	-116.271530151367
1467500	-115.034484863281
1472000	-116.35245513916
1476500	-114.384475708008
1481000	-114.80753326416
1485500	-114.963485717773
1490000	-115.004837036133
1494500	-115.714828491211
1499000	-116.252021789551
1503500	-115.282592773437
1508000	-115.84114074707
1512500	-115.73331451416
1517000	-116.19246673584
1521500	-118.914909362793
1526000	-113.984580993652
1530500	-114.782234191895
1535000	-113.421577453613
1539500	-114.981658935547
1544000	-117.367881774902
1548500	-114.997184753418
1553000	-115.468063354492
1557500	-116.088500976562
1562000	-115.964378356934
1566500	-116.449005126953
1571000	-114.779502868652
1575500	-117.337776184082
1580000	-113.273399353027
1584500	-114.678283691406
1589000	-114.679977416992
1593500	-117.35082244873
1598000	-116.145317077637
1602500	-116.760475158691
1607000	-116.324066162109
1611500	-116.86156463623
1616000	-114.363754272461
1620500	-116.055671691895
1625000	-116.193618774414
1629500	-116.03067779541
1634000	-115.962944030762
1638500	-117.001663208008
1643000	-115.31428527832
1647500	-114.279273986816
1652000	-116.10033416748
1656500	-113.421073913574
1661000	-113.516418457031
1665500	-115.922485351562
1670000	-115.689094543457
1674500	-115.963813781738
1679000	-114.036483764648
1683500	-114.625328063965
1688000	-114.143280029297
1692500	-115.02808380127
1697000	-113.289184570312
1701500	-116.853759765625
1706000	-115.694290161133
1710500	-115.168525695801
1715000	-117.310028076172
1719500	-114.626266479492
1724000	-116.630165100098
1728500	-114.890167236328
1733000	-115.876571655273
1737500	-115.931289672852
1742000	-114.168617248535
1746500	-113.873268127441
1751000	-113.59415435791
1755500	-113.647048950195
1760000	-112.376159667969
1764500	-114.849906921387
1769000	-113.918731689453
1773500	-115.777236938477
1778000	-112.352355957031
1782500	-115.362091064453
1787000	-115.751853942871
1791500	-114.382278442383
1796000	-114.329170227051
1800500	-112.341583251953
1805000	-113.894134521484
1809500	-114.902793884277
1814000	-116.716171264648
1818500	-113.400665283203
1823000	-111.674858093262
1827500	-111.495086669922
1832000	-116.398292541504
1836500	-114.69197845459
1841000	-112.876640319824
1845500	-113.581184387207
1850000	-109.226226806641
1854500	-113.629188537598
1859000	-115.324333190918
1863500	-112.773010253906
1868000	-117.431701660156
1872500	-110.390090942383
1877000	-110.105392456055
1881500	-114.378494262695
1886000	-117.769706726074
1890500	-115.008338928223
1895000	-115.172637939453
1899500	-110.870567321777
1904000	-113.737098693848
1908500	-114.568565368652
1913000	-114.531921386719
1917500	-115.716125488281
1922000	-113.662017822266
1926500	-112.330276489258
1931000	-112.062126159668
1935500	-114.481910705566
1940000	-113.716621398926
1944500	-111.809272766113
1949000	-113.031913757324
1953500	-111.864524841309
1958000	-113.197357177734
1962500	-115.007598876953
1967000	-112.954574584961
1971500	-112.097770690918
1976000	-111.824424743652
1980500	-110.780868530273
1985000	-116.809623718262
1989500	-114.445838928223
1994000	-111.007713317871
1998500	-115.712173461914
2003000	-114.477798461914
2007500	-111.91609954834
2012000	-113.188468933105
2016500	-111.54320526123
2021000	-113.90739440918
2025500	-113.996871948242
2030000	-111.732879638672
2034500	-110.452659606934
2039000	-111.472091674805
2043500	-114.351768493652
2048000	-112.554512023926
2052500	-112.70597076416
2057000	-114.371047973633
2061500	-114.34545135498
2066000	-115.198173522949
2070500	-115.418357849121
2075000	-115.388389587402
2079500	-113.342544555664
2084000	-113.755874633789
2088500	-115.624923706055
2093000	-116.799324035645
2097500	-117.173011779785
2102000	-115.132919311523
2106500	-114.119911193848
2111000	-115.170425415039
2115500	-116.587852478027
2120000	-115.099647521973
2124500	-113.853607177734
2129000	-111.543144226074
2133500	-117.103675842285
2138000	-116.24991607666
2142500	-114.851509094238
2147000	-114.497917175293
2151500	-115.746505737305
2156000	-115.873954772949
2160500	-115.545471191406
2165000	-113.245086669922
2169500	-113.72004699707
2174000	-113.885467529297
2178500	-113.986297607422
2183000	-115.006340026855
2187500	-113.67244720459
2192000	-114.364570617676
2196500	-114.376853942871
2201000	-113.102516174316
2205500	-116.120635986328
2210000	-116.285522460937
2214500	-113.95760345459
2219000	-113.675399780273
2223500	-112.69100189209
2228000	-114.691436767578
2232500	-111.004402160645
2237000	-115.78165435791
2241500	-115.608001708984
2246000	-113.699363708496
2250500	-114.189743041992
2255000	-115.015693664551
2259500	-113.718704223633
2264000	-114.096496582031
2268500	-114.264198303223
2273000	-113.780448913574
2277500	-117.199005126953
2282000	-114.593933105469
2286500	-112.779090881348
2291000	-115.736557006836
2295500	-116.007331848145
2300000	-114.40168762207
2304500	-114.860572814941
2309000	-115.631149291992
2313500	-115.845863342285
2318000	-117.017234802246
2322500	-113.275344848633
2327000	-112.112205505371
2331500	-115.177467346191
2336000	-115.523338317871
2340500	-116.760551452637
2345000	-116.113250732422
2349500	-112.893516540527
2354000	-113.392379760742
2358500	-115.986480712891
2363000	-113.877113342285
2367500	-115.127784729004
2372000	-112.081840515137
2376500	-113.660522460937
2381000	-116.605644226074
2385500	-116.200645446777
2390000	-115.772132873535
2394500	-113.867248535156
2399000	-113.82341003418
2403500	-113.884712219238
2408000	-112.255599975586
2412500	-113.989524841309
2417000	-116.435829162598
2421500	-113.995658874512
2426000	-114.194770812988
2430500	-110.892021179199
2435000	-114.609039306641
2439500	-115.785110473633
2444000	-116.004989624023
2448500	-113.10954284668
2453000	-113.274253845215
2457500	-114.205001831055
2462000	-114.590141296387
2466500	-111.705513000488
2471000	-114.948570251465
2475500	-115.188865661621
2480000	-115.258735656738
2484500	-115.951126098633
2489000	-114.739593505859
2493500	-113.15291595459
2498000	-114.488235473633
2502500	-115.609230041504
2507000	-116.103187561035
2511500	-114.749206542969
2516000	-114.49097442627
2520500	-114.585037231445
2525000	-115.333488464355
2529500	-115.994812011719
2534000	-115.90779876709
2538500	-113.500267028809
2543000	-114.650947570801
2547500	-111.72087097168
2552000	-115.002975463867
2556500	-116.835777282715
2561000	-115.453094482422
2565500	-114.473854064941
2570000	-116.753059387207
2574500	-115.633338928223
2579000	-115.992210388184
2583500	-116.113426208496
2588000	-114.649948120117
2592500	-115.425956726074
2597000	-114.822143554687
2601500	-114.387634277344
2606000	-114.346656799316
2610500	-114.208442687988
2615000	-114.671249389648
2619500	-115.332275390625
2624000	-116.272499084473
2628500	-114.880599975586
2633000	-116.004203796387
2637500	-114.167488098145
2642000	-115.376899719238
2646500	-112.497291564941
2651000	-116.078063964844
2655500	-116.254051208496
2660000	-113.701789855957
2664500	-115.636451721191
2669000	-115.324005126953
2673500	-115.144203186035
2678000	-116.834136962891
2682500	-116.74040222168
2687000	-116.897109985352
2691500	-114.617240905762
2696000	-112.705574035645
2700500	-116.079360961914
2705000	-115.513175964355
2709500	-115.170944213867
2714000	-114.446250915527
2718500	-114.135719299316
2723000	-114.612289428711
2727500	-113.872291564941
2732000	-115.847679138184
2736500	-115.540016174316
2741000	-114.719535827637
2745500	-114.045722961426
2750000	-114.498077392578
2754500	-115.218078613281
2759000	-115.445213317871
2763500	-114.585632324219
2768000	-112.071434020996
2772500	-116.615631103516
2777000	-115.278259277344
2781500	-115.75350189209
2786000	-115.187324523926
2790500	-113.539627075195
2795000	-110.52889251709
2799500	-115.183692932129
2804000	-115.392868041992
2808500	-114.457305908203
2813000	-112.045188903809
2817500	-112.429084777832
2822000	-113.587471008301
2826500	-114.769493103027
2831000	-114.399421691895
2835500	-107.347770690918
2840000	-110.542991638184
2844500	-112.90225982666
2849000	-115.169891357422
2853500	-115.12678527832
2858000	-112.319351196289
2862500	-113.062797546387
2867000	-113.007789611816
2871500	-114.139236450195
2876000	-113.109245300293
2880500	-111.827018737793
2885000	-111.774772644043
2889500	-113.904220581055
2894000	-112.268463134766
2898500	-111.658142089844
2903000	-111.248863220215
2907500	-112.075378417969
2912000	-116.676895141602
2916500	-113.82837677002
2921000	-114.234489440918
2925500	-111.71411895752
2930000	-112.456283569336
2934500	-113.658317565918
2939000	-112.313102722168
2943500	-114.011665344238
2948000	-112.261108398437
2952500	-110.959480285645
2957000	-114.207550048828
2961500	-112.188903808594
2966000	-116.591484069824
2970500	-110.584602355957
2975000	-112.769706726074
2979500	-112.52857208252
2984000	-116.980026245117
2988500	-112.709884643555
2993000	-111.838500976562
2997500	-114.237831115723
3002000	-114.416320800781
3006500	-114.224662780762
3011000	-112.588745117187
3015500	-116.588035583496
3020000	-111.092308044434
3024500	-114.041694641113
3029000	-115.680198669434
3033500	-113.403709411621
3038000	-114.273597717285
3042500	-112.557876586914
3047000	-113.834449768066
3051500	-113.461013793945
3056000	-114.955535888672
3060500	-112.983283996582
3065000	-113.669456481934
3069500	-114.790420532227
3074000	-114.74885559082
3078500	-112.551971435547
3083000	-113.496513366699
3087500	-115.913063049316
3092000	-116.060592651367
3096500	-114.91561126709
3101000	-114.393760681152
3105500	-115.721115112305
3110000	-115.712669372559
3114500	-111.901512145996
3119000	-115.575828552246
3123500	-114.601531982422
3128000	-113.284339904785
3132500	-110.692581176758
3137000	-115.418869018555
3141500	-114.778709411621
3146000	-114.551620483398
3150500	-115.284599304199
3155000	-114.271919250488
3159500	-113.568237304687
3164000	-116.723075866699
3168500	-114.724075317383
3173000	-114.591377258301
3177500	-116.713195800781
3182000	-115.620742797852
3186500	-115.203201293945
3191000	-115.09676361084
3195500	-114.237701416016
3200000	-113.826560974121
3204500	-114.94701385498
3209000	-112.83935546875
3213500	-114.22314453125
3218000	-114.092254638672
3222500	-110.010734558105
3227000	-116.042098999023
3231500	-116.096221923828
3236000	-114.82600402832
3240500	-112.525337219238
3245000	-114.778114318848
3249500	-115.601432800293
3254000	-115.011741638184
3258500	-113.280387878418
3263000	-113.730972290039
3267500	-115.147109985352
3272000	-113.04305267334
3276500	-114.144989013672
3281000	-115.702217102051
3285500	-114.677589416504
3290000	-115.321662902832
3294500	-113.005302429199
3299000	-112.279281616211
3303500	-113.692565917969
3308000	-117.081703186035
3312500	-114.84538269043
3317000	-115.460472106934
3321500	-115.376045227051
3326000	-113.296684265137
3330500	-115.873626708984
3335000	-114.257804870605
3339500	-112.998840332031
3344000	-116.188270568848
3348500	-115.914291381836
3353000	-116.855842590332
3357500	-114.087554931641
3362000	-115.724281311035
3366500	-114.104370117187
3371000	-116.015922546387
3375500	-115.051956176758
3380000	-115.814018249512
3384500	-115.221626281738
3389000	-113.543121337891
3393500	-115.348937988281
3398000	-114.09147644043
3402500	-114.835243225098
3407000	-112.685943603516
3411500	-115.298728942871
3416000	-116.429168701172
3420500	-115.175895690918
3425000	-115.90128326416
3429500	-110.009346008301
3434000	-113.50740814209
3438500	-114.173736572266
3443000	-113.333740234375
3447500	-115.543586730957
3452000	-114.708190917969
3456500	-112.754135131836
3461000	-117.768051147461
3465500	-116.038024902344
3470000	-114.771835327148
3474500	-116.386360168457
3479000	-116.03101348877
3483500	-112.791595458984
3488000	-115.068405151367
3492500	-112.908706665039
3497000	-116.474365234375
3501500	-115.485717773437
3506000	-115.911026000977
3510500	-113.478637695312
3515000	-118.464340209961
3519500	-115.447418212891
3524000	-116.560562133789
3528500	-107.206558227539
3533000	-114.380035400391
3537500	-118.490882873535
3542000	-115.0830078125
3546500	-113.88939666748
3551000	-113.029747009277
3555500	-111.768508911133
3560000	-115.804168701172
3564500	-114.783576965332
3569000	-115.170013427734
3573500	-114.178939819336
3578000	-115.111740112305
3582500	-117.15454864502
3587000	-115.936370849609
3591500	-112.42121887207
3596000	-111.635459899902
3600500	-111.599617004395
3605000	-114.342193603516
3609500	-113.849517822266
3614000	-112.660057067871
3618500	-112.662406921387
3623000	-115.598564147949
3627500	-106.243476867676
3632000	-114.943717956543
3636500	-114.232025146484
3641000	-114.566566467285
3645500	-111.37247467041
3650000	-111.115814208984
3654500	-111.116348266602
3659000	-113.317764282227
3663500	-113.645133972168
3668000	-112.693176269531
3672500	-114.436325073242
3677000	-113.41756439209
3681500	-113.801002502441
3686000	-114.592155456543
3690500	-112.111404418945
3695000	-112.997039794922
3699500	-113.267044067383
3704000	-111.865028381348
3708500	-114.481216430664
3713000	-114.721618652344
3717500	-115.993934631348
3722000	-115.555946350098
3726500	-113.958045959473
3731000	-107.788101196289
3735500	-113.295845031738
3740000	-112.669464111328
3744500	-112.411880493164
3749000	-114.992362976074
3753500	-115.662490844727
3758000	-114.59349822998
3762500	-111.669319152832
3767000	-113.213348388672
3771500	-114.522277832031
3776000	-113.930015563965
3780500	-114.201416015625
3785000	-112.947776794434
3789500	-114.63053894043
3794000	-111.815704345703
3798500	-114.979881286621
3803000	-114.0849609375
3807500	-112.402725219727
3812000	-114.47607421875
3816500	-112.462265014648
3821000	-113.990768432617
3825500	-113.539497375488
3830000	-110.264625549316
3834500	-113.966117858887
3839000	-113.650917053223
3843500	-111.889526367187
3848000	-115.187690734863
3852500	-114.963104248047
3857000	-113.833168029785
3861500	-112.653175354004
3866000	-115.108589172363
3870500	-114.572242736816
3875000	-112.293090820312
3879500	-113.905555725098
3884000	-113.237640380859
3888500	-113.781799316406
3893000	-112.002784729004
3897500	-113.65731048584
3902000	-112.520454406738
3906500	-113.755477905273
3911000	-113.937393188477
3915500	-111.345268249512
3920000	-110.124786376953
3924500	-110.883605957031
3929000	-111.515693664551
3933500	-114.057640075684
3938000	-107.010726928711
3942500	-109.313705444336
3947000	-113.643486022949
3951500	-109.640075683594
3956000	-110.750961303711
3960500	-113.254829406738
3965000	-109.788848876953
3969500	-110.972381591797
3974000	-109.996772766113
3978500	-111.853233337402
3983000	-112.084381103516
3987500	-110.592323303223
3992000	-110.748695373535
3996500	-113.69953918457
4001000	-108.937858581543
4005500	-110.792213439941
4010000	-112.169235229492
4014500	-111.193466186523
4019000	-113.627212524414
4023500	-109.281578063965
4028000	-112.240676879883
4032500	-110.33292388916
4037000	-109.177429199219
4041500	-111.582153320312
4046000	-112.753936767578
4050500	-111.349967956543
4055000	-107.968208312988
4059500	-105.553581237793
4064000	-110.583892822266
4068500	-108.048973083496
4073000	-113.555160522461
4077500	-110.375381469727
4082000	-112.204391479492
4086500	-112.036262512207
4091000	-111.789505004883
4095500	-109.813865661621
4100000	-108.242637634277
4104500	-109.575927734375
4109000	-112.103172302246
4113500	-112.573867797852
4118000	-111.635406494141
4122500	-110.838592529297
4127000	-109.876655578613
4131500	-110.549049377441
4136000	-112.882286071777
4140500	-110.195350646973
4145000	-110.216041564941
4149500	-109.229293823242
4154000	-112.975074768066
4158500	-110.960739135742
4163000	-112.577949523926
4167500	-111.458694458008
4172000	-109.76537322998
4176500	-112.024147033691
4181000	-110.916465759277
4185500	-111.732536315918
4190000	-110.498466491699
4194500	-109.510719299316
4199000	-106.823745727539
4203500	-111.038055419922
4208000	-110.087432861328
4212500	-110.725868225098
4217000	-111.296112060547
4221500	-110.358329772949
4226000	-111.54613494873
4230500	-111.09880065918
4235000	-112.761436462402
4239500	-111.304702758789
4244000	-111.375061035156
4248500	-110.143905639648
4253000	-107.952033996582
4257500	-110.576324462891
4262000	-111.429985046387
4266500	-110.543243408203
4271000	-111.125518798828
4275500	-110.79517364502
4280000	-109.332649230957
4284500	-110.725059509277
4289000	-112.178436279297
4293500	-112.225120544434
4298000	-111.344398498535
4302500	-111.336410522461
4307000	-110.831741333008
4311500	-110.52458190918
4316000	-110.405517578125
4320500	-111.283187866211
4325000	-112.547698974609
4329500	-110.207962036133
4334000	-107.661643981934
4338500	-112.599487304687
4343000	-110.074081420898
4347500	-112.173179626465
4352000	-110.255844116211
4356500	-112.548484802246
4361000	-110.16007232666
4365500	-110.743072509766
4370000	-110.718841552734
4374500	-111.007217407227
4379000	-113.861267089844
4383500	-111.641090393066
4388000	-111.422637939453
4392500	-111.611976623535
4397000	-111.761108398437
4401500	-111.855903625488
4406000	-111.803192138672
4410500	-107.550750732422
4415000	-110.468711853027
4419500	-111.825469970703
4424000	-112.028144836426
4428500	-112.639450073242
4433000	-111.275978088379
4437500	-110.225685119629
4442000	-108.955436706543
4446500	-106.730728149414
4451000	-110.056701660156
4455500	-97.8197860717773
4460000	-111.222053527832
4464500	-110.008026123047
4469000	-111.805183410645
4473500	-111.343566894531
4478000	-110.509986877441
4482500	-110.127349853516
4487000	-111.5927734375
4491500	-107.660568237305
4496000	-112.591758728027
4500500	-112.644020080566
4505000	-111.493942260742
4509500	-111.662590026855
4514000	-110.804145812988
4518500	-112.972297668457
4523000	-114.923904418945
4527500	-111.557136535645
4532000	-115.055290222168
4536500	-111.248069763184
4541000	-108.250831604004
4545500	-112.869537353516
4550000	-111.24552154541
4554500	-113.042984008789
4559000	-112.740127563477
4563500	-114.387870788574
4568000	-113.981155395508
4572500	-112.458366394043
4577000	-115.490165710449
4581500	-113.411552429199
4586000	-111.071434020996
4590500	-107.901092529297
4595000	-112.275535583496
4599500	-110.493804931641
4604000	-113.049934387207
4608500	-113.244644165039
4613000	-112.149780273437
4617500	-112.313179016113
4622000	-112.138198852539
4626500	-113.248802185059
4631000	-113.457763671875
4635500	-113.385902404785
4640000	-110.591217041016
4644500	-109.440727233887
4649000	-112.947814941406
4653500	-112.826057434082
4658000	-113.801834106445
4662500	-113.258857727051
4667000	-113.112319946289
4671500	-112.62296295166
4676000	-113.454864501953
4680500	-112.374649047852
4685000	-111.831062316895
4689500	-109.110069274902
4694000	-101.506462097168
4698500	-112.235290527344
4703000	-112.83748626709
4707500	-110.516883850098
4712000	-111.841979980469
4716500	-112.484886169434
4721000	-112.776374816895
4725500	-114.363075256348
4730000	-111.514862060547
4734500	-113.481010437012
4739000	-109.980247497559
4743500	-110.117324829102
4748000	-113.820518493652
4752500	-112.99983215332
4757000	-113.750762939453
4761500	-111.950286865234
4766000	-113.75708770752
4770500	-111.574661254883
4775000	-109.445327758789
4779500	-112.370986938477
4784000	-112.381874084473
4788500	-110.543060302734
4793000	-110.967185974121
4797500	-108.989067077637
4802000	-112.319580078125
4806500	-112.76016998291
4811000	-112.190399169922
4815500	-110.901901245117
4820000	-112.556221008301
4824500	-112.221702575684
4829000	-113.839157104492
4833500	-114.501335144043
4838000	-110.962074279785
4842500	-107.504402160645
4847000	-111.981521606445
4851500	-113.024147033691
4856000	-112.917350769043
4860500	-106.270095825195
4865000	-109.95849609375
4869500	-112.468856811523
4874000	-111.815795898437
4878500	-113.789512634277
4883000	-115.041511535645
4887500	-111.002578735352
4892000	-109.373947143555
4896500	-112.930656433105
4901000	-113.795066833496
4905500	-113.546592712402
4910000	-113.509239196777
4914500	-111.511703491211
4919000	-114.06322479248
4923500	-112.507789611816
4928000	-111.876930236816
4932500	-114.06893157959
4937000	-112.958831787109
4941500	-110.987442016602
4946000	-113.256408691406
4950500	-112.300163269043
4955000	-111.965713500977
4959500	-111.911041259766
4964000	-114.834442138672
4968500	-114.555511474609
4973000	-114.830039978027
4977500	-113.092758178711
4982000	-117.213256835937
4986500	-115.752517700195
4991000	-114.807846069336
4995500	-114.644256591797
5000000	-114.549591064453