500000	-109.98161315918
504500	-108.265739440918
509000	-107.760101318359
513500	-106.672508239746
518000	-106.936485290527
522500	-107.830909729004
527000	-109.966087341309
531500	-108.40877532959
536000	-107.392272949219
540500	-110.981719970703
545000	-111.188545227051
549500	-108.158706665039
554000	-108.787101745605
558500	-110.246223449707
563000	-108.563941955566
567500	-110.934387207031
572000	-110.165466308594
576500	-109.99845123291
581000	-111.095932006836
585500	-112.748710632324
590000	-109.292221069336
594500	-109.630874633789
599000	-110.840179443359
603500	-111.062080383301
608000	-110.566436767578
612500	-110.421981811523
617000	-109.962669372559
621500	-111.363784790039
626000	-111.893730163574
630500	-112.362854003906
635000	-111.943069458008
639500	-111.221099853516
644000	-111.116203308105
648500	-112.103897094727
653000	-113.502662658691
657500	-110.618370056152
662000	-110.51619720459
666500	-110.823097229004
671000	-111.881568908691
675500	-113.167778015137
680000	-111.653854370117
684500	-113.265739440918
689000	-113.437034606934
693500	-112.491439819336
698000	-111.788162231445
702500	-113.777297973633
707000	-112.681632995605
711500	-112.29719543457
716000	-114.043914794922
720500	-112.846115112305
725000	-111.755790710449
729500	-110.012115478516
734000	-113.062950134277
738500	-112.866714477539
743000	-112.408432006836
747500	-112.155197143555
752000	-113.597358703613
756500	-113.169784545898
761000	-109.998748779297
765500	-115.265884399414
770000	-114.226860046387
774500	-115.08292388916
779000	-113.213333129883
783500	-111.982284545898
788000	-111.880699157715
792500	-115.166809082031
797000	-115.850151062012
801500	-113.253913879395
806000	-112.597137451172
810500	-114.33910369873
815000	-114.59984588623
819500	-115.818092346191
824000	-114.76961517334
828500	-113.622215270996
833000	-114.30786895752
837500	-115.759620666504
842000	-114.308197021484
846500	-113.77628326416
851000	-114.153182983398
855500	-114.430603027344
860000	-112.534645080566
864500	-116.727760314941
869000	-115.879959106445
873500	-115.028831481934
878000	-115.162528991699
882500	-114.310409545898
887000	-116.502746582031
891500	-115.764999389648
896000	-116.03099822998
900500	-114.866386413574
905000	-116.297523498535
909500	-117.410057067871
914000	-114.206352233887
918500	-115.468902587891
923000	-114.165382385254
927500	-116.373962402344
932000	-114.647399902344
936500	-113.74967956543
941000	-114.614547729492
945500	-114.000595092773
950000	-115.673568725586
954500	-118.264381408691
959000	-112.244071960449
963500	-116.017974853516
968000	-115.646194458008
972500	-115.86279296875
977000	-114.854934692383
981500	-117.297462463379
986000	-115.815704345703
990500	-115.090682983398
995000	-116.145790100098
999500	-115.828994750977
1004000	-116.213325500488
1008500	-117.426368713379
1013000	-115.593414306641
1017500	-116.892692565918
1022000	-117.017845153809
1026500	-117.276588439941
1031000	-116.399703979492
1035500	-117.349304199219
1040000	-117.960098266602
1044500	-116.88932800293
1049000	-117.749465942383
1053500	-115.710075378418
1058000	-115.340759277344
1062500	-115.109031677246
1067000	-117.157005310059
1071500	-116.859603881836
1076000	-117.754829406738
1080500	-117.190826416016
1085000	-115.348930358887
1089500	-114.954788208008
1094000	-117.712097167969
1098500	-115.442726135254
1103000	-116.553176879883
1107500	-118.05785369873
1112000	-115.714401245117
1116500	-116.068916320801
1121000	-115.329086303711
1125500	-116.960891723633
1130000	-117.009376525879
1134500	-117.77409362793
1139000	-115.718994140625
1143500	-117.875190734863
1148000	-116.889755249023
1152500	-117.362632751465
1157000	-116.581481933594
1161500	-116.650505065918
1166000	-116.642753601074
1170500	-117.419639587402
1175000	-114.949150085449
1179500	-116.71061706543
1184000	-115.330474853516
1188500	-118.334411621094
1193000	-118.527214050293
1197500	-115.549514770508
1202000	-117.489036560059
1206500	-118.218589782715
1211000	-116.864593505859
1215500	-118.233375549316
1220000	-118.748649597168
1224500	-116.898056030273
1229000	-116.863128662109
1233500	-116.464294433594
1238000	-117.680038452148
1242500	-119.422477722168
1247000	-117.489501953125
1251500	-116.220222473145
1256000	-115.503067016602
1260500	-115.888725280762
1265000	-116.847816467285
1269500	-116.619430541992
1274000	-115.664398193359
1278500	-115.364189147949
1283000	-116.394264221191
1287500	-117.281745910645
1292000	-117.711502075195
1296500	-116.461364746094
1301000	-117.09521484375
1305500	-117.346099853516
1310000	-116.279937744141
1314500	-118.114311218262
1319000	-117.9248046875
1323500	-118.621322631836
1328000	-116.161659240723
1332500	-116.074424743652
1337000	-117.600639343262
1341500	-117.148796081543
1346000	-115.839767456055
1350500	-116.304946899414
1355000	-116.318519592285
1359500	-117.840400695801
1364000	-117.589584350586
1368500	-117.503440856934
1373000	-116.310440063477
1377500	-118.248336791992
1382000	-117.908592224121
1386500	-117.454162597656
1391000	-118.102149963379
1395500	-115.283134460449
1400000	-118.811561584473
1404500	-117.70923614502
1409000	-119.430725097656
1413500	-116.190765380859
1418000	-116.620277404785
1422500	-118.109191894531
1427000	-116.772659301758
1431500	-118.162757873535
1436000	-119.82201385498
1440500	-117.418533325195
1445000	-117.224563598633
1449500	-115.134429931641
1454000	-116.038780212402
1458500	-117.49324798584
1463000	-117.440086364746
1467500	-118.025123596191
1472000	-118.144821166992
1476500	-115.712524414062
1481000	-117.413375854492
1485500	-117.722145080566
1490000	-118.219673156738
1494500	-118.951446533203
1499000	-118.25951385498
1503500	-117.738357543945
1508000	-116.949348449707
1512500	-117.530120849609
1517000	-116.560890197754
1521500	-119.329620361328
1526000	-113.965934753418
1530500	-116.22093963623
1535000	-117.552543640137
1539500	-118.134399414062
1544000	-116.887580871582
1548500	-115.442077636719
1553000	-118.48543548584
1557500	-118.310577392578
1562000	-116.559280395508
1566500	-118.190223693848
1571000	-119.439147949219
1575500	-114.345413208008
1580000	-116.961380004883
1584500	-118.753463745117
1589000	-117.291923522949
1593500	-117.721328735352
1598000	-117.542114257812
1602500	-118.821868896484
1607000	-118.197425842285
1611500	-116.348907470703
1616000	-115.891052246094
1620500	-116.449768066406
1625000	-116.886894226074
1629500	-118.134094238281
1634000	-116.66463470459
1638500	-116.234565734863
1643000	-118.303520202637
1647500	-117.199501037598
1652000	-116.797973632812
1656500	-118.96809387207
1661000	-117.427360534668
1665500	-116.390884399414
1670000	-117.438323974609
1674500	-116.716285705566
1679000	-117.007179260254
1683500	-114.335975646973
1688000	-116.677154541016
1692500	-115.449409484863
1697000	-118.310249328613
1701500	-115.889846801758
1706000	-117.200798034668
1710500	-117.689155578613
1715000	-117.263465881348
1719500	-118.758926391602
1724000	-119.676040649414
1728500	-119.115432739258
1733000	-115.960800170898
1737500	-116.449569702148
1742000	-117.181510925293
1746500	-119.2548828125
1751000	-117.287086486816
1755500	-116.740386962891
1760000	-117.780464172363
1764500	-116.142044067383
1769000	-115.860305786133
1773500	-119.056198120117
1778000	-118.666389465332
1782500	-115.028755187988
1787000	-116.648681640625
1791500	-117.93480682373
1796000	-118.022323608398
1800500	-118.568550109863
1805000	-118.87459564209
1809500	-118.179679870605
1814000	-116.713134765625
1818500	-116.062805175781
1823000	-117.416778564453
1827500	-118.74772644043
1832000	-117.126815795898
1836500	-115.983489990234
1841000	-115.972930908203
1845500	-117.689796447754
1850000	-116.156898498535
1854500	-117.276481628418
1859000	-117.402069091797
1863500	-116.967590332031
1868000	-116.696411132812
1872500	-118.349945068359
1877000	-116.181465148926
1881500	-117.016189575195
1886000	-119.512565612793
1890500	-117.659965515137
1895000	-118.522186279297
1899500	-118.77685546875
1904000	-118.43090057373
1908500	-118.870246887207
1913000	-117.010368347168
1917500	-117.280288696289
1922000	-117.258728027344
1926500	-117.123260498047
1931000	-116.907211303711
1935500	-119.41975402832
1940000	-117.76155090332
1944500	-116.687576293945
1949000	-118.342651367187
1953500	-118.136268615723
1958000	-117.358688354492
1962500	-117.100448608398
1967000	-118.227233886719
1971500	-116.908485412598
1976000	-119.496719360352
1980500	-117.916404724121
1985000	-118.336448669434
1989500	-116.472198486328
1994000	-114.883583068848
1998500	-117.810195922852
2003000	-117.544609069824
2007500	-117.175163269043
2012000	-116.163963317871
2016500	-116.344413757324
2021000	-117.046928405762
2025500	-118.617118835449
2030000	-117.459281921387
2034500	-118.166053771973
2039000	-116.483512878418
2043500	-119.046180725098
2048000	-114.433113098145
2052500	-118.433250427246
2057000	-118.964179992676
2061500	-116.873207092285
2066000	-115.503128051758
2070500	-116.660293579102
2075000	-118.029716491699
2079500	-117.618598937988
2084000	-117.081878662109
2088500	-117.316078186035
2093000	-119.260528564453
2097500	-118.880683898926
2102000	-118.170257568359
2106500	-119.622650146484
2111000	-116.86075592041
2115500	-118.778770446777
2120000	-116.459831237793
2124500	-115.294380187988
2129000	-119.098670959473
2133500	-118.723167419434
2138000	-118.559753417969
2142500	-117.696197509766
2147000	-116.947486877441
2151500	-118.801528930664
2156000	-116.058242797852
2160500	-116.782997131348
2165000	-118.276107788086
2169500	-118.455474853516
2174000	-118.335548400879
2178500	-117.412673950195
2183000	-117.115409851074
2187500	-117.308586120605
2192000	-116.255378723145
2196500	-119.146446228027
2201000	-116.738052368164
2205500	-120.200469970703
2210000	-118.225563049316
2214500	-117.250732421875
2219000	-118.513442993164
2223500	-118.18514251709
2228000	-119.791885375977
2232500	-117.548393249512
2237000	-117.35676574707
2241500	-119.109443664551
2246000	-117.437698364258
2250500	-117.729049682617
2255000	-117.83878326416
2259500	-116.574508666992
2264000	-118.604804992676
2268500	-117.274169921875
2273000	-117.993377685547
2277500	-117.629737854004
2282000	-116.639091491699
2286500	-120.198020935059
2291000	-118.466758728027
2295500	-117.148643493652
2300000	-118.558334350586
2304500	-119.945442199707
2309000	-118.991966247559
2313500	-118.376655578613
2318000	-118.279098510742
2322500	-119.823539733887
2327000	-118.558670043945
2331500	-117.599807739258
2336000	-117.740684509277
2340500	-118.589660644531
2345000	-119.06566619873
2349500	-118.133804321289
2354000	-119.145645141602
2358500	-114.372863769531
2363000	-119.444496154785
2367500	-117.404228210449
2372000	-119.127182006836
2376500	-119.770515441895
2381000	-117.729446411133
2385500	-117.130218505859
2390000	-118.333450317383
2394500	-117.179389953613
2399000	-118.761741638184
2403500	-117.800910949707
2408000	-116.360801696777
2412500	-118.754364013672
2417000	-116.609886169434
2421500	-114.732727050781
2426000	-118.877243041992
2430500	-116.588706970215
2435000	-115.986465454102
2439500	-116.928367614746
2444000	-116.041618347168
2448500	-117.405426025391
2453000	-119.081062316895
2457500	-117.925933837891
2462000	-116.95964050293
2466500	-118.275726318359
2471000	-117.855491638184
2475500	-117.732322692871
2480000	-116.923439025879
2484500	-116.841789245605
2489000	-117.197105407715
2493500	-118.147605895996
2498000	-116.414535522461
2502500	-118.030418395996
2507000	-117.237342834473
2511500	-116.967887878418
2516000	-118.027702331543
2520500	-116.087707519531
2525000	-116.987976074219
2529500	-117.764099121094
2534000	-115.542701721191
2538500	-116.345893859863
2543000	-118.959365844727
2547500	-117.0068359375
2552000	-117.150360107422
2556500	-118.26326751709
2561000	-117.972045898437
2565500	-117.395416259766
2570000	-117.708854675293
2574500	-118.165313720703
2579000	-114.464691162109
2583500	-118.933784484863
2588000	-117.354995727539
2592500	-116.684005737305
2597000	-117.852279663086
2601500	-118.978492736816
2606000	-117.94913482666
2610500	-117.340347290039
2615000	-118.170425415039
2619500	-116.645500183105
2624000	-117.706565856934
2628500	-117.177574157715
2633000	-117.832717895508
2637500	-118.241630554199
2642000	-118.741882324219
2646500	-118.2939453125
2651000	-116.166397094727
2655500	-118.430572509766
2660000	-116.71842956543
2664500	-118.547157287598
2669000	-117.090774536133
2673500	-118.742156982422
2678000	-118.083114624023
2682500	-116.859031677246
2687000	-117.725746154785
2691500	-118.936538696289
2696000	-116.809455871582
2700500	-116.993370056152
2705000	-117.881484985352
2709500	-117.41805267334
2714000	-117.886695861816
2718500	-117.28288269043
2723000	-118.95532989502
2727500	-118.085456848145
2732000	-117.003799438477
2736500	-116.794563293457
2741000	-118.611694335937
2745500	-116.681678771973
2750000	-118.81844329834
2754500	-117.959449768066
2759000	-117.791725158691
2763500	-117.037178039551
2768000	-116.008270263672
2772500	-115.412796020508
2777000	-113.381622314453
2781500	-117.384536743164
2786000	-117.477722167969
2790500	-116.581649780273
2795000	-116.598266601562
2799500	-117.971961975098
2804000	-118.546257019043
2808500	-116.910583496094
2813000	-118.504447937012
2817500	-118.844940185547
2822000	-119.650672912598
2826500	-118.783508300781
2831000	-119.392654418945
2835500	-117.127586364746
2840000	-117.884147644043
2844500	-116.850135803223
2849000	-115.422882080078
2853500	-116.070251464844
2858000	-119.766494750977
2862500	-116.138877868652
2867000	-117.865570068359
2871500	-116.40941619873
2876000	-117.996475219727
2880500	-117.263542175293
2885000	-118.024635314941
2889500	-118.580024719238
2894000	-118.270072937012
2898500	-117.380599975586
2903000	-117.738502502441
2907500	-119.42497253418
2912000	-117.341537475586
2916500	-118.338714599609
2921000	-118.662239074707
2925500	-119.302307128906
2930000	-117.979507446289
2934500	-118.389877319336
2939000	-117.628059387207
2943500	-114.742736816406
2948000	-116.036827087402
2952500	-117.849807739258
2957000	-117.658592224121
2961500	-118.168579101562
2966000	-118.597541809082
2970500	-121.118873596191
2975000	-117.158554077148
2979500	-119.023780822754
2984000	-118.02522277832
2988500	-118.639862060547
2993000	-118.619537353516
2997500	-115.205505371094
3002000	-117.873542785645
3006500	-117.629432678223
3011000	-115.88899230957
3015500	-116.300476074219
3020000	-118.01676940918
3024500	-119.837882995605
3029000	-117.095123291016
3033500	-118.432746887207
3038000	-118.088035583496
3042500	-118.166885375977
3047000	-117.664512634277
3051500	-115.018577575684
3056000	-118.010765075684
3060500	-116.269355773926
3065000	-117.183387756348
3069500	-119.77571105957
3074000	-118.292137145996
3078500	-118.014099121094
3083000	-117.38053894043
3087500	-118.458198547363
3092000	-117.746856689453
3096500	-118.059585571289
3101000	-119.100891113281
3105500	-118.043174743652
3110000	-117.406433105469
3114500	-115.95874786377
3119000	-119.583236694336
3123500	-116.741317749023
3128000	-118.115844726562
3132500	-117.782081604004
3137000	-118.486015319824
3141500	-117.273109436035
3146000	-118.811836242676
3150500	-119.01439666748
3155000	-117.424446105957
3159500	-116.846534729004
3164000	-117.096458435059
3168500	-114.921951293945
3173000	-116.887771606445
3177500	-117.406112670898
3182000	-116.455787658691
3186500	-114.653900146484
3191000	-118.95832824707
3195500	-118.400985717773
3200000	-118.146781921387
3204500	-117.363090515137
3209000	-117.362129211426
3213500	-118.192817687988
3218000	-116.485481262207
3222500	-107.951080322266
3227000	-119.869911193848
3231500	-117.879173278809
3236000	-117.850212097168
3240500	-120.036094665527
3245000	-121.275177001953
3249500	-118.806274414062
3254000	-118.816879272461
3258500	-116.641235351562
3263000	-117.530487060547
3267500	-119.720985412598
3272000	-116.744232177734
3276500	-116.099159240723
3281000	-118.835929870605
3285500	-118.673217773437
3290000	-116.81209564209
3294500	-114.798355102539
3299000	-117.978576660156
3303500	-117.224792480469
3308000	-116.824325561523
3312500	-117.364631652832
3317000	-118.995361328125
3321500	-116.434089660645
3326000	-116.967445373535
3330500	-117.501029968262
3335000	-117.582107543945
3339500	-120.658172607422
3344000	-118.129272460937
3348500	-115.100952148437
3353000	-117.065544128418
3357500	-118.65892791748
3362000	-117.181999206543
3366500	-118.151588439941
3371000	-118.756729125977
3375500	-120.227157592773
3380000	-118.858657836914
3384500	-117.16667175293
3389000	-119.443077087402
3393500	-118.355224609375
3398000	-117.26692199707
3402500	-115.365348815918
3407000	-118.15299987793
3411500	-117.393646240234
3416000	-118.277458190918
3420500	-118.324928283691
3425000	-119.228446960449
3429500	-117.500671386719
3434000	-117.369827270508
3438500	-118.746299743652
3443000	-118.872436523437
3447500	-119.295356750488
3452000	-117.580032348633
3456500	-115.853981018066
3461000	-116.759948730469
3465500	-115.753273010254
3470000	-117.534294128418
3474500	-119.177307128906
3479000	-116.491546630859
3483500	-118.003082275391
3488000	-118.348747253418
3492500	-117.743270874023
3497000	-118.003913879395
3501500	-119.244041442871
3506000	-117.134460449219
3510500	-117.454177856445
3515000	-117.093215942383
3519500	-116.930061340332
3524000	-118.981216430664
3528500	-116.299438476562
3533000	-118.248710632324
3537500	-117.775733947754
3542000	-118.614166259766
3546500	-119.318832397461
3551000	-117.402931213379
3555500	-119.356895446777
3560000	-117.669769287109
3564500	-118.451873779297
3569000	-117.242881774902
3573500	-115.756767272949
3578000	-116.129920959473
3582500	-117.039642333984
3587000	-118.548782348633
3591500	-118.196716308594
3596000	-117.607833862305
3600500	-117.687828063965
3605000	-119.22673034668
3609500	-119.996551513672
3614000	-118.272880554199
3618500	-117.498474121094
3623000	-115.968368530273
3627500	-119.717559814453
3632000	-118.975372314453
3636500	-117.175704956055
3641000	-117.923645019531
3645500	-116.824378967285
3650000	-118.668434143066
3654500	-118.79182434082
3659000	-119.600738525391
3663500	-116.141670227051
3668000	-118.538597106934
3672500	-120.41934967041
3677000	-118.554054260254
3681500	-116.169219970703
3686000	-118.536819458008
3690500	-119.50545501709
3695000	-119.819450378418
3699500	-118.485771179199
3704000	-118.05086517334
3708500	-118.712715148926
3713000	-119.535224914551
3717500	-118.444435119629
3722000	-118.735092163086
3726500	-117.63395690918
3731000	-118.080368041992
3735500	-119.213165283203
3740000	-118.244964599609
3744500	-118.454086303711
3749000	-116.427154541016
3753500	-118.286903381348
3758000	-117.564727783203
3762500	-117.586250305176
3767000	-117.10294342041
3771500	-117.999099731445
3776000	-119.600280761719
3780500	-118.86840057373
3785000	-118.902488708496
3789500	-118.464088439941
3794000	-118.654922485352
3798500	-116.290466308594
3803000	-114.230484008789
3807500	-116.434783935547
3812000	-118.261817932129
3816500	-118.012557983398
3821000	-119.37865447998
3825500	-117.977127075195
3830000	-115.991546630859
3834500	-118.603370666504
3839000	-118.427856445312
3843500	-118.294464111328
3848000	-116.501182556152
3852500	-118.053382873535
3857000	-118.69091796875
3861500	-117.325172424316
3866000	-119.548034667969
3870500	-119.42504119873
3875000	-117.996803283691
3879500	-118.350967407227
3884000	-115.06404876709
3888500	-117.904823303223
3893000	-118.830863952637
3897500	-116.977851867676
3902000	-117.773994445801
3906500	-118.311141967773
3911000	-116.549781799316
3915500	-117.625831604004
3920000	-118.24893951416
3924500	-116.046562194824
3929000	-117.289390563965
3933500	-118.503890991211
3938000	-118.461959838867
3942500	-119.646781921387
3947000	-118.992889404297
3951500	-117.06201171875
3956000	-117.69457244873
3960500	-118.049049377441
3965000	-117.360549926758
3969500	-115.726684570313
3974000	-118.230484008789
3978500	-117.27880859375
3983000	-118.533317565918
3987500	-117.339096069336
3992000	-118.838012695313
3996500	-116.815139770508
4001000	-118.739776611328
4005500	-117.220413208008
4010000	-119.391830444336
4014500	-117.618408203125
4019000	-116.318115234375
4023500	-118.002967834473
4028000	-116.763809204102
4032500	-116.736442565918
4037000	-118.981071472168
4041500	-119.941551208496
4046000	-116.63500213623
4050500	-117.557983398437
4055000	-118.182113647461
4059500	-118.021209716797
4064000	-116.536529541016
4068500	-119.714813232422
4073000	-118.215660095215
4077500	-117.832725524902
4082000	-119.68563079834
4086500	-117.599761962891
4091000	-117.124893188477
4095500	-117.254837036133
4100000	-118.14030456543
4104500	-117.083633422852
4109000	-118.983261108398
4113500	-116.536071777344
4118000	-116.957786560059
4122500	-116.014778137207
4127000	-115.621208190918
4131500	-117.276405334473
4136000	-119.201995849609
4140500	-118.223960876465
4145000	-115.750640869141
4149500	-114.921836853027
4154000	-115.791511535645
4158500	-117.835090637207
4163000	-118.704528808594
4167500	-119.213500976562
4172000	-118.401550292969
4176500	-117.006362915039
4181000	-117.363784790039
4185500	-117.218017578125
4190000	-117.081314086914
4194500	-118.418151855469
4199000	-118.129913330078
4203500	-117.082496643066
4208000	-118.881500244141
4212500	-119.47998046875
4217000	-119.402168273926
4221500	-115.550186157227
4226000	-116.726371765137
4230500	-116.249420166016
4235000	-117.579666137695
4239500	-116.563110351562
4244000	-118.550987243652
4248500	-117.014259338379
4253000	-117.045669555664
4257500	-118.123069763184
4262000	-116.180458068848
4266500	-117.815895080566
4271000	-117.353065490723
4275500	-115.507934570312
4280000	-118.311111450195
4284500	-119.269248962402
4289000	-118.922668457031
4293500	-118.462280273437
4298000	-118.860610961914
4302500	-117.666305541992
4307000	-116.894439697266
4311500	-119.2001953125
4316000	-116.899314880371
4320500	-115.899368286133
4325000	-115.750701904297
4329500	-118.422073364258
4334000	-117.022521972656
4338500	-116.261573791504
4343000	-116.411323547363
4347500	-117.433242797852
4352000	-119.825798034668
4356500	-117.420234680176
4361000	-117.111282348633
4365500	-119.894668579102
4370000	-117.444717407227
4374500	-118.184494018555
4379000	-117.312065124512
4383500	-119.147315979004
4388000	-119.096305847168
4392500	-118.322090148926
4397000	-116.191497802734
4401500	-117.479858398437
4406000	-116.519325256348
4410500	-115.060531616211
4415000	-120.805686950684
4419500	-117.405792236328
4424000	-117.425384521484
4428500	-118.844802856445
4433000	-117.674987792969
4437500	-117.304374694824
4442000	-118.375885009766
4446500	-118.635581970215
4451000	-117.864189147949
4455500	-116.953186035156
4460000	-119.113945007324
4464500	-118.242889404297
4469000	-116.916427612305
4473500	-118.147994995117
4478000	-117.761795043945
4482500	-120.279998779297
4487000	-117.672561645508
4491500	-117.977317810059
4496000	-117.684799194336
4500500	-116.60977935791
4505000	-119.691871643066
4509500	-116.200462341309
4514000	-117.233032226562
4518500	-116.847145080566
4523000	-116.405006408691
4527500	-118.791473388672
4532000	-118.128402709961
4536500	-117.776351928711
4541000	-118.875282287598
4545500	-118.001678466797
4550000	-118.215255737305
4554500	-117.489685058594
4559000	-117.60311126709
4563500	-119.3271484375
4568000	-119.261520385742
4572500	-117.326942443848
4577000	-117.974220275879
4581500	-117.505805969238
4586000	-117.92594909668
4590500	-117.641860961914
4595000	-117.77271270752
4599500	-117.428039550781
4604000	-117.918968200684
4608500	-118.603469848633
4613000	-116.914253234863
4617500	-118.317184448242
4622000	-117.313682556152
4626500	-117.74552154541
4631000	-120.066398620605
4635500	-117.746391296387
4640000	-117.375671386719
4644500	-117.98787689209
4649000	-117.235626220703
4653500	-117.186653137207
4658000	-116.9140625
4662500	-118.035446166992
4667000	-117.92032623291
4671500	-117.457298278809
4676000	-118.638496398926
4680500	-116.908668518066
4685000	-115.983375549316
4689500	-117.62272644043
4694000	-117.824401855469
4698500	-118.72940826416
4703000	-115.188041687012
4707500	-117.709243774414
4712000	-118.479797363281
4716500	-118.710983276367
4721000	-117.519714355469
4725500	-118.603134155273
4730000	-117.722129821777
4734500	-116.514038085937
4739000	-118.22705078125
4743500	-119.110221862793
4748000	-116.85457611084
4752500	-117.625686645508
4757000	-118.039672851562
4761500	-117.323379516602
4766000	-116.841491699219
4770500	-115.875198364258
4775000	-116.866279602051
4779500	-117.840682983398
4784000	-118.802825927734
4788500	-117.847373962402
4793000	-117.827606201172
4797500	-117.039428710937
4802000	-118.6103515625
4806500	-117.363616943359
4811000	-116.991912841797
4815500	-117.214042663574
4820000	-121.178268432617
4824500	-117.840911865234
4829000	-116.513404846191
4833500	-118.208976745605
4838000	-118.58235168457
4842500	-117.649383544922
4847000	-117.696044921875
4851500	-117.023551940918
4856000	-117.66170501709
4860500	-115.967002868652
4865000	-118.274467468262
4869500	-118.416397094727
4874000	-117.535736083984
4878500	-117.916061401367
4883000	-118.514923095703
4887500	-117.359817504883
4892000	-117.220321655273
4896500	-116.661521911621
4901000	-119.395767211914
4905500	-117.974220275879
4910000	-118.320304870605
4914500	-116.358665466309
4919000	-116.329399108887
4923500	-117.919555664062
4928000	-120.295700073242
4932500	-117.774833679199
4937000	-116.561546325684
4941500	-118.033653259277
4946000	-118.624313354492
4950500	-118.183090209961
4955000	-118.189544677734
4959500	-118.02220916748
4964000	-118.352340698242
4968500	-118.28458404541
4973000	-116.992668151855
4977500	-117.798919677734
4982000	-116.704437255859
4986500	-118.431610107422
4991000	-117.248565673828
4995500	-118.741706848145
5000000	-117.07421875