-5
[ 1.20223816e-02,
  1.36858330e-03,
 -1.91933136e+01,
 -2.25709061e+02,
  2.38663422e+02,
  5.97980499e-01,
  9.17068124e-01,
 -5.51031761e+01,
  5.91167183e+01,
  1.35113075e-01,
  1.56879306e-01]
-4.5
[ 1.23287914e-02,
  1.34791445e-03,
 -1.74059315e+01,
 -2.26406494e+02,
  2.38000443e+02,
  5.95255971e-01,
  9.28658009e-01,
 -5.53167953e+01,
  5.88830605e+01,
  1.33842602e-01,
  1.55662194e-01]
-4
[ 1.26567120e-02,
  1.31952111e-03,
 -1.56231413e+01,
 -2.27103668e+02,
  2.37337692e+02,
  5.92566073e-01,
  9.41700161e-01,
 -5.55309448e+01,
  5.86500587e+01,
  1.32331416e-01,
  1.54203966e-01,]
-3.5
[ 1.29658822e-02,
  1.29302952e-03,
 -1.38125629e+01,
 -2.27810059e+02,
  2.36663025e+02,
  5.89341342e-01,
  9.53000844e-01,
 -5.57471962e+01,
  5.84184074e+01,
  1.31164595e-01,
  1.53076142e-01]
-3
[ 1.30830025e-02,
  1.32375432e-03,
 -1.18550959e+01,
 -2.28558502e+02,
  2.35930481e+02,
  5.84538102e-01,
  9.49619591e-01,
 -5.59710884e+01,
  5.81903648e+01,
  1.32545725e-01,
 1.54429913e-01]
-2.5
[ 1.30969165e-02,
  1.46225363e-03,
 -9.90031719e+00,
 -2.29301483e+02,
  2.35190720e+02,
  5.85882187e-01,
  9.42038178e-01,
 -5.61948318e+01,
  5.79621811e+01,
  1.33704960e-01,
  1.55553445e-01]
-2
[ 1.30749522e-02,
  1.64680555e-03,
 -7.94867754e+00,
 -2.30043839e+02,
  2.34449341e+02,
  5.90020657e-01,
  9.33301151e-01,
 -5.64190292e+01,
  5.77344666e+01,
  1.34631902e-01,
  1.56443879e-01]
-1.5
[1.30171096e-02,
  1.87740999e-03,
 -6.00017691e+00,
 -2.30785583e+02,
  2.33706345e+02,
  5.96953571e-01,
  9.23408389e-01,
-5.66436882e+01,
  5.75072250e+01,
  1.35326535e-01,
  1.57101214e-01]
-1
[ 1.29233878e-02,
  2.15406716e-03,
 -4.05481625e+00,
 -2.31526703e+02,
 2.32961716e+02,
 6.06680870e-01,
  9.12360013e-01,
 -5.68688011e+01,
  5.72804527e+01,
  1.35788858e-01,
 1.57525435e-01,]
-0.5
[1.27937887e-02,
  2.47677695e-03,
 -2.11259508e+00,
 -2.32267197e+02,
  2.32215454e+02,
  6.19202554e-01,
  9.00155902e-01,
 -5.70943756e+01,
  5.70541496e+01,
  1.36018887e-01,
  1.57716572e-01]
0
[ 1.26283104e-02,
  2.84553925e-03,
 -1.73513234e-01,
 -2.33007065e+02,
  2.31467575e+02,
  6.34518683e-01,
  8.86796176e-01,
 -5.73204041e+01,
 5.68283157e+01,
  1.36016592e-01,
 1.57674611e-01]
0.5
[ 1.24269547e-02,
  3.26035428e-03,
  1.76242900e+00,
-2.33746307e+02,
  2.30718063e+02,
  6.52629197e-01,
  8.72280717e-01,
 -5.75468903e+01,
  5.66029510e+01,
  1.35782003e-01,
  1.57399550e-01]
1
[1.21897198e-02,
  3.72122182e-03,
  3.69523191e+00,
 -2.34484940e+02,
  2.29966934e+02,
  6.73534095e-01,
  8.56609643e-01,
 -5.77738342e+01,
  5.63780594e+01,
  1.35315120e-01,
  1.56891391e-01]
1.5
[1.19166067e-02,
  4.22814209e-03,
  5.62489510e+00,
 -2.35222946e+02,
  2.29214188e+02,
  6.97233438e-01,
  8.39782894e-01,
 -5.80012321e+01,
  5.61536369e+01,
  1.34615913e-01,
  1.56150132e-01]
2
[1.19095165e-02,
  4.50879754e-03,
  7.50133085e+00,
 -2.35942337e+02,
  2.28488815e+02,
  7.09546447e-01,
  8.35779727e-01,
 -5.82291031e+01,
  5.59315834e+01,
  1.33502916e-01,
  1.55030787e-01]
2.5
[ 1.22614410e-02,
  4.43491479e-03,
  9.34100151e+00,
 -2.36648788e+02,
  2.27791046e+02,
  7.03351855e-01,
  8.47716331e-01,
 -5.84569855e+01,
  5.57111053e+01,
 1.32623926e-01,
 1.54162869e-01]
3
[1.30490568e-02,
  3.85076157e-03,
  1.12047596e+01,
-2.37365158e+02,
 2.27104721e+02,
 6.69943631e-01,
  8.77095699e-01,
 -5.86840172e+01,
  5.54896126e+01,
  1.33246139e-01,
  1.54764503e-01]
3.5
[ 1.36801414e-02,
  3.39148659e-03,
  1.30639400e+01,
 -2.38075333e+02,
  2.26422775e+02,
  6.42327607e-01,
  8.98575962e-01,
 -5.89108696e+01,
  5.52682877e+01,
  1.34303451e-01,
  1.55789524e-01]
4
[ 1.38831949e-02,
  3.33333854e-03,
  1.50282583e+01,
 -2.38813522e+02,
  2.25673401e+02,
  6.33932173e-01,
  8.99139583e-01,
 -5.91480789e+01,
 5.50528755e+01,
  1.35697246e-01,
 1.57131091e-01]
4.5
[ 1.40844909e-02,
  3.27873253e-03,
  1.70007324e+01,
 -2.39554108e+02,
  2.24918732e+02,
  6.25599980e-01,
  8.99585128e-01,
 -5.93866844e+01,
  5.48384171e+01,
  1.37080580e-01,
  1.58465236e-01]
5
[ 1.43210748e-02,
  3.19174863e-03,
  1.89700928e+01,
 -2.40293808e+02,
  2.24166061e+02,
  6.15593314e-01,
 9.01706636e-01,
-5.96256256e+01,
  5.46243324e+01,
  1.38442248e-01,
  1.59782395e-01]